Start: 2024-09-17 06:04:37.308372
End: 2024-09-17 06:23:37.337667
Duration: 0:19:00.029295
