Start: 2024-09-17 06:23:37.548908
End: 2024-09-17 06:23:38.646262
Duration: 0:00:01.097354
