Total Start: 2024-09-17 04:00:56.884117
Model Start: 2024-09-17 04:00:57.843650
Start: 2024-09-17 06:04:35.622855
End: 2024-09-17 06:23:41.163514
Duration: 0:19:05.540659
