Total Start: 2024-10-01 10:50:07.582259
Model Start: 2024-10-01 10:50:10.817060
Start: 2024-10-01 10:50:11.076916
End: 2024-10-01 10:55:46.700999
Duration: 0:05:35.624083
