Start: 2024-10-01 10:55:40.272300
End: 2024-10-01 10:55:46.694440
Duration: 0:00:06.422140
