Start: 2024-10-01 10:50:11.078622
End: 2024-10-01 10:55:40.255113
Duration: 0:05:29.176491
