Start: 2024-09-16 12:19:16.624489
End: 2024-09-16 12:21:17.912391
Duration: 0:02:01.287902
