Total Start: 2024-09-16 11:24:19.487206
Model Start: 2024-09-16 11:24:19.487209
Start: 2024-09-16 12:19:13.178937
End: 2024-09-16 12:21:33.382714
Duration: 0:02:20.203777
