Start: 2024-09-16 12:21:18.073292
End: 2024-09-16 12:21:29.015535
Duration: 0:00:10.942243
