Total Start: 2024-09-25 14:27:09.423176
Model Start: 2024-09-25 14:27:09.423178
Start: 2024-09-25 14:28:26.523486
End: 2024-09-25 14:29:51.834300
Duration: 0:01:25.310814
