Start: 2024-09-25 14:28:27.355953
End: 2024-09-25 14:29:50.207384
Duration: 0:01:22.851431
