Start: 2024-09-25 14:29:50.397186
End: 2024-09-25 14:29:50.879906
Duration: 0:00:00.482720
