Total Start: 2024-09-16 13:03:38.274023
Model Start: 2024-09-16 13:03:38.274026
Start: 2024-09-16 14:03:00.464387
End: 2024-09-16 14:05:33.029624
Duration: 0:02:32.565237
