Start: 2024-09-16 14:03:01.563049
End: 2024-09-16 14:05:21.027933
Duration: 0:02:19.464884
