Start: 2024-09-16 14:05:21.126193
End: 2024-09-16 14:05:30.048037
Duration: 0:00:08.921844
