Start: 2024-09-24 18:21:07.568610
End: 2024-09-24 18:22:00.833858
Duration: 0:00:53.265248
