Start: 2024-09-24 18:22:00.927779
End: 2024-09-24 18:22:01.550306
Duration: 0:00:00.622527
