Total Start: 2024-09-24 18:14:29.729863
Model Start: 2024-09-24 18:14:29.729869
Start: 2024-09-24 18:21:05.821839
End: 2024-09-24 18:22:03.132395
Duration: 0:00:57.310556
