Total Start: 2024-09-24 20:01:38.534831
Model Start: 2024-09-24 20:01:38.534833
Start: 2024-09-24 20:23:41.229849
End: 2024-09-24 20:24:23.750368
Duration: 0:00:42.520519
