Start: 2024-09-24 20:24:21.201574
End: 2024-09-24 20:24:22.228601
Duration: 0:00:01.027027
