Start: 2024-09-24 20:23:43.907904
End: 2024-09-24 20:24:21.092378
Duration: 0:00:37.184474
