Total Start: 2024-09-28 04:13:17.832768
Model Start: 2024-09-28 04:13:17.832771
Start: 2024-09-28 04:19:42.517127
End: 2024-09-28 04:21:27.769962
Duration: 0:01:45.252835
