Start: 2024-09-28 04:19:46.432836
End: 2024-09-28 04:21:20.818829
Duration: 0:01:34.385993
