Start: 2024-09-28 04:21:21.093397
End: 2024-09-28 04:21:26.313839
Duration: 0:00:05.220442
