Total Start: 2024-09-17 13:19:53.105080
Model Start: 2024-09-17 13:19:53.955682
Start: 2024-09-17 16:01:12.670871
End: 2024-09-17 16:05:43.439130
Duration: 0:04:30.768259
