Start: 2024-09-17 16:05:38.066147
End: 2024-09-17 16:05:43.429272
Duration: 0:00:05.363125
