Start: 2024-09-17 16:01:12.671589
End: 2024-09-17 16:05:38.035935
Duration: 0:04:25.364346
