Start: 2024-09-16 13:42:10.969104
End: 2024-09-16 13:42:11.944399
Duration: 0:00:00.975295
