Total Start: 2024-09-16 13:03:38.274023
Model Start: 2024-09-16 13:03:38.274026
Start: 2024-09-16 13:41:14.519710
End: 2024-09-16 13:42:13.478583
Duration: 0:00:58.958873
