Start: 2024-09-16 13:41:15.247118
End: 2024-09-16 13:42:10.843717
Duration: 0:00:55.596599
