Start: 2024-09-17 14:46:48.495481
End: 2024-09-17 14:50:58.323689
Duration: 0:04:09.828208
