Start: 2024-09-17 14:50:58.336759
End: 2024-09-17 14:51:03.964157
Duration: 0:00:05.627398
