Total Start: 2024-09-17 13:19:53.105080
Model Start: 2024-09-17 13:19:53.955682
Start: 2024-09-17 14:46:48.494711
End: 2024-09-17 14:51:03.971150
Duration: 0:04:15.476439
