Start: 2024-09-30 19:44:13.048596
End: 2024-09-30 19:44:14.242377
Duration: 0:00:01.193781
