Total Start: 2024-09-30 19:19:45.230615
Model Start: 2024-09-30 19:25:56.993873
Start: 2024-09-30 19:41:01.664421
End: 2024-09-30 19:44:16.402144
Duration: 0:03:14.737723
