Start: 2024-09-30 19:41:10.251097
End: 2024-09-30 19:44:12.505029
Duration: 0:03:02.253932
