Start: 2024-09-30 20:07:42.190495
End: 2024-09-30 20:10:25.823238
Duration: 0:02:43.632743
