Start: 2024-09-30 20:10:26.155252
End: 2024-09-30 20:10:27.915667
Duration: 0:00:01.760415
