Total Start: 2024-09-30 19:19:45.230615
Model Start: 2024-09-30 19:25:56.993873
Start: 2024-09-30 20:07:38.175700
End: 2024-09-30 20:10:30.463597
Duration: 0:02:52.287897
