Start: 2024-09-30 18:06:34.684542
End: 2024-09-30 18:06:36.454287
Duration: 0:00:01.769745
