Total Start: 2024-09-30 17:22:02.710994
Model Start: 2024-09-30 17:22:02.710999
Start: 2024-09-30 18:02:59.376418
End: 2024-09-30 18:06:38.256159
Duration: 0:03:38.879741
