Start: 2024-09-30 18:03:04.452463
End: 2024-09-30 18:06:33.927503
Duration: 0:03:29.475040
