Start: 2024-09-16 22:31:13.363402
End: 2024-09-16 22:37:26.708166
Duration: 0:06:13.344764
