Start: 2024-09-16 22:37:27.006782
End: 2024-09-16 22:37:28.389326
Duration: 0:00:01.382544
