Total Start: 2024-09-16 20:39:31.187347
Model Start: 2024-09-16 20:39:32.354137
Start: 2024-09-16 22:31:12.533399
End: 2024-09-16 22:37:30.429222
Duration: 0:06:17.895823
