Total Start: 2024-09-30 19:19:45.230615
Model Start: 2024-09-30 19:25:56.993873
Start: 2024-09-30 20:01:57.937192
End: 2024-09-30 20:05:13.924827
Duration: 0:03:15.987635
