Start: 2024-09-30 20:02:05.632981
End: 2024-09-30 20:05:09.680785
Duration: 0:03:04.047804
