Start: 2024-09-30 20:05:10.067524
End: 2024-09-30 20:05:11.529591
Duration: 0:00:01.462067
