Start: 2024-09-24 19:03:18.421873
End: 2024-09-24 19:03:19.897509
Duration: 0:00:01.475636
