Total Start: 2024-09-24 18:14:29.729863
Model Start: 2024-09-24 18:14:29.729869
Start: 2024-09-24 19:01:49.693037
End: 2024-09-24 19:03:22.285346
Duration: 0:01:32.592309
