Start: 2024-09-24 19:01:52.783647
End: 2024-09-24 19:03:18.325025
Duration: 0:01:25.541378
