Start: 2024-09-17 00:37:11.589918
End: 2024-09-17 00:47:07.315927
Duration: 0:09:55.726009
