Total Start: 2024-09-16 20:39:31.187347
Model Start: 2024-09-16 20:39:32.354137
Start: 2024-09-17 00:37:10.274503
End: 2024-09-17 00:47:12.794025
Duration: 0:10:02.519522
