Start: 2024-09-17 00:47:07.740671
End: 2024-09-17 00:47:09.737839
Duration: 0:00:01.997168
