Total Start: 2024-09-17 13:19:53.105080
Model Start: 2024-09-17 13:19:53.955682
Start: 2024-09-17 18:16:25.332609
End: 2024-09-17 18:21:58.476079
Duration: 0:05:33.143470
