Start: 2024-09-17 18:16:25.334823
End: 2024-09-17 18:21:52.608774
Duration: 0:05:27.273951
