Start: 2024-09-17 18:21:52.631386
End: 2024-09-17 18:21:58.470016
Duration: 0:00:05.838630
