Total Start: 2024-09-28 00:48:21.204854
Model Start: 2024-09-28 00:48:21.204858
Start: 2024-09-28 01:01:35.509195
End: 2024-09-28 01:03:13.712260
Duration: 0:01:38.203065
