Start: 2024-09-28 01:03:06.206749
End: 2024-09-28 01:03:11.939630
Duration: 0:00:05.732881
