Start: 2024-09-28 01:01:38.882388
End: 2024-09-28 01:03:06.099687
Duration: 0:01:27.217299
