Start: 2024-09-16 16:23:29.876138
End: 2024-09-16 16:23:31.432109
Duration: 0:00:01.555971
