Start: 2024-09-16 16:20:15.962553
End: 2024-09-16 16:23:29.673790
Duration: 0:03:13.711237
