Total Start: 2024-09-16 14:24:59.438522
Model Start: 2024-09-16 15:32:09.139359
Start: 2024-09-16 16:20:14.141722
End: 2024-09-16 16:23:33.746686
Duration: 0:03:19.604964
