Start: 2024-09-17 13:29:58.979503
End: 2024-09-17 13:30:04.764692
Duration: 0:00:05.785189
