Total Start: 2024-09-17 13:19:53.105080
Model Start: 2024-09-17 13:19:53.955682
Start: 2024-09-17 13:24:58.576461
End: 2024-09-17 13:30:04.771997
Duration: 0:05:06.195536
