Start: 2024-09-17 13:24:58.577983
End: 2024-09-17 13:29:56.949726
Duration: 0:04:58.371743
