Start: 2024-09-16 20:00:07.961564
End: 2024-09-16 20:00:09.578766
Duration: 0:00:01.617202
