Total Start: 2024-09-16 16:34:43.241323
Model Start: 2024-09-16 16:34:44.101856
Start: 2024-09-16 19:50:50.337122
End: 2024-09-16 20:00:12.437464
Duration: 0:09:22.100342
