Start: 2024-09-16 19:50:53.540903
End: 2024-09-16 20:00:07.743790
Duration: 0:09:14.202887
