Start: 2024-10-01 11:27:03.060786
End: 2024-10-01 11:27:09.489141
Duration: 0:00:06.428355
