Start: 2024-10-01 11:20:47.636557
End: 2024-10-01 11:27:00.980838
Duration: 0:06:13.344281
