Total Start: 2024-10-01 10:50:07.582259
Model Start: 2024-10-01 10:50:10.817060
Start: 2024-10-01 11:20:47.635490
End: 2024-10-01 11:27:09.496389
Duration: 0:06:21.860899
