Start: 2024-09-16 12:42:18.221184
End: 2024-09-16 12:42:19.039213
Duration: 0:00:00.818029
