Start: 2024-09-16 12:41:22.778351
End: 2024-09-16 12:42:18.089062
Duration: 0:00:55.310711
