Total Start: 2024-09-16 12:27:19.575562
Model Start: 2024-09-16 12:27:19.575564
Start: 2024-09-16 12:41:21.833860
End: 2024-09-16 12:42:20.814104
Duration: 0:00:58.980244
