Start: 2024-10-01 12:12:44.973042
End: 2024-10-01 12:18:06.420951
Duration: 0:05:21.447909
