Start: 2024-10-01 12:18:10.439621
End: 2024-10-01 12:18:16.553834
Duration: 0:00:06.114213
