Total Start: 2024-10-01 10:50:07.582259
Model Start: 2024-10-01 10:50:10.817060
Start: 2024-10-01 12:12:44.972011
End: 2024-10-01 12:18:16.558904
Duration: 0:05:31.586893
