Start: 2024-10-01 01:52:02.075602
End: 2024-10-01 01:55:15.231202
Duration: 0:03:13.155600
