Total Start: 2024-10-01 01:06:13.514252
Model Start: 2024-10-01 01:44:17.934168
Start: 2024-10-01 01:52:00.182861
End: 2024-10-01 01:55:24.325573
Duration: 0:03:24.142712
