Start: 2024-10-01 01:55:15.514221
End: 2024-10-01 01:55:19.362832
Duration: 0:00:03.848611
