Start: 2024-09-24 19:45:23.683641
End: 2024-09-24 19:46:17.012040
Duration: 0:00:53.328399
