Start: 2024-09-24 19:46:17.114280
End: 2024-09-24 19:46:17.758511
Duration: 0:00:00.644231
