Total Start: 2024-09-24 19:38:47.551090
Model Start: 2024-09-24 19:38:47.551094
Start: 2024-09-24 19:45:21.826265
End: 2024-09-24 19:46:19.223564
Duration: 0:00:57.397299
