Start: 2024-09-25 09:25:09.899540
End: 2024-09-25 09:26:19.771394
Duration: 0:01:09.871854
