Start: 2024-09-25 09:26:19.868745
End: 2024-09-25 09:26:21.018874
Duration: 0:00:01.150129
