Total Start: 2024-09-25 08:44:00.597600
Model Start: 2024-09-25 08:44:00.597603
Start: 2024-09-25 09:25:07.760453
End: 2024-09-25 09:26:22.981067
Duration: 0:01:15.220614
