Start: 2024-09-25 04:14:09.923654
End: 2024-09-25 04:15:03.655314
Duration: 0:00:53.731660
