Total Start: 2024-09-25 04:11:48.613439
Model Start: 2024-09-25 04:11:48.613442
Start: 2024-09-25 04:13:58.120172
End: 2024-09-25 04:15:10.621076
Duration: 0:01:12.500904
