Start: 2024-09-25 04:15:03.809976
End: 2024-09-25 04:15:09.240740
Duration: 0:00:05.430764
