Start: 2024-09-30 19:07:53.069164
End: 2024-09-30 19:13:21.433655
Duration: 0:05:28.364491
