Start: 2024-09-30 19:13:26.363498
End: 2024-09-30 19:13:32.740798
Duration: 0:00:06.377300
