Total Start: 2024-09-30 17:22:02.710994
Model Start: 2024-09-30 18:22:05.212762
Start: 2024-09-30 19:07:43.826491
End: 2024-09-30 19:13:38.662015
Duration: 0:05:54.835524
