Start: 2024-09-17 19:13:38.426407
End: 2024-09-17 19:20:41.814254
Duration: 0:07:03.387847
