Total Start: 2024-09-17 13:19:53.105080
Model Start: 2024-09-17 13:19:53.955682
Start: 2024-09-17 19:13:38.425461
End: 2024-09-17 19:20:47.682106
Duration: 0:07:09.256645
