Start: 2024-09-17 19:20:41.835202
End: 2024-09-17 19:20:47.675795
Duration: 0:00:05.840593
