Start: 2024-09-25 15:27:10.312884
End: 2024-09-25 15:28:28.927640
Duration: 0:01:18.614756
