Start: 2024-09-25 15:28:29.020841
End: 2024-09-25 15:28:29.529379
Duration: 0:00:00.508538
