Total Start: 2024-09-25 15:25:53.356327
Model Start: 2024-09-25 15:25:53.356330
Start: 2024-09-25 15:27:07.985197
End: 2024-09-25 15:28:30.545477
Duration: 0:01:22.560280
