Total Start: 2024-09-30 22:53:39.023088
Model Start: 2024-09-30 22:53:40.572284
Start: 2024-09-30 22:53:40.777580
End: 2024-09-30 23:05:26.864664
Duration: 0:11:46.087084
