Start: 2024-09-30 23:05:01.613313
End: 2024-09-30 23:05:25.265893
Duration: 0:00:23.652580
