Start: 2024-09-30 22:53:46.298662
End: 2024-09-30 23:05:00.950986
Duration: 0:11:14.652324
