Start: 2024-09-25 12:01:33.799833
End: 2024-09-25 12:02:19.996036
Duration: 0:00:46.196203
