Start: 2024-09-25 12:02:20.114687
End: 2024-09-25 12:02:20.752454
Duration: 0:00:00.637767
