Total Start: 2024-09-25 11:49:29.344034
Model Start: 2024-09-25 11:49:29.344037
Start: 2024-09-25 12:01:32.528723
End: 2024-09-25 12:02:21.931081
Duration: 0:00:49.402358
