Start: 2024-10-01 01:13:49.355000
End: 2024-10-01 01:16:10.017937
Duration: 0:02:20.662937
