Total Start: 2024-10-01 01:06:13.514252
Model Start: 2024-10-01 01:06:15.196214
Start: 2024-10-01 01:13:47.231323
End: 2024-10-01 01:16:16.180682
Duration: 0:02:28.949359
