Start: 2024-10-01 01:16:11.472767
End: 2024-10-01 01:16:14.255141
Duration: 0:00:02.782374
