Start: 2024-09-25 09:12:30.819343
End: 2024-09-25 09:13:48.255835
Duration: 0:01:17.436492
