Start: 2024-09-25 09:13:48.358137
End: 2024-09-25 09:13:49.406537
Duration: 0:00:01.048400
