Total Start: 2024-09-25 08:44:00.597600
Model Start: 2024-09-25 08:44:00.597603
Start: 2024-09-25 09:12:28.416835
End: 2024-09-25 09:13:50.826883
Duration: 0:01:22.410048
