Start: 2024-09-16 14:02:54.769535
End: 2024-09-16 14:02:56.133368
Duration: 0:00:01.363833
