Start: 2024-09-16 14:00:17.296730
End: 2024-09-16 14:02:54.578910
Duration: 0:02:37.282180
