Total Start: 2024-09-16 13:03:38.274023
Model Start: 2024-09-16 13:03:38.274026
Start: 2024-09-16 14:00:16.097665
End: 2024-09-16 14:02:58.523903
Duration: 0:02:42.426238
