Start: 2024-09-30 23:16:56.919674
End: 2024-09-30 23:32:53.016507
Duration: 0:15:56.096833
