Total Start: 2024-09-30 22:53:39.023088
Model Start: 2024-09-30 22:53:40.572284
Start: 2024-09-30 23:16:53.242205
End: 2024-09-30 23:33:46.686892
Duration: 0:16:53.444687
