Start: 2024-09-30 23:32:53.449101
End: 2024-09-30 23:33:45.144341
Duration: 0:00:51.695240
