Total Start: 2024-09-30 19:19:45.230615
Model Start: 2024-09-30 19:25:56.993873
Start: 2024-09-30 19:29:26.944762
End: 2024-09-30 19:31:42.562439
Duration: 0:02:15.617677
