Start: 2024-09-30 19:29:32.308480
End: 2024-09-30 19:31:39.499876
Duration: 0:02:07.191396
