Start: 2024-09-30 19:31:39.956580
End: 2024-09-30 19:31:41.001018
Duration: 0:00:01.044438
