Total Start: 2024-09-16 14:24:59.438522
Model Start: 2024-09-16 15:32:09.139359
Start: 2024-09-16 16:06:56.697243
End: 2024-09-16 16:09:09.358421
Duration: 0:02:12.661178
