Start: 2024-09-16 16:09:06.077511
End: 2024-09-16 16:09:07.491783
Duration: 0:00:01.414272
