Start: 2024-09-16 16:06:57.635134
End: 2024-09-16 16:09:05.884074
Duration: 0:02:08.248940
