Start: 2024-09-28 15:24:41.157819
End: 2024-09-28 15:24:46.583293
Duration: 0:00:05.425474
