Start: 2024-09-28 15:22:58.196114
End: 2024-09-28 15:24:41.017549
Duration: 0:01:42.821435
