Total Start: 2024-09-28 15:21:13.023243
Model Start: 2024-09-28 15:21:13.023246
Start: 2024-09-28 15:22:55.909163
End: 2024-09-28 15:24:48.047627
Duration: 0:01:52.138464
