Start: 2024-09-16 21:31:59.722428
End: 2024-09-16 21:32:00.633129
Duration: 0:00:00.910701
