Total Start: 2024-09-16 20:39:31.187347
Model Start: 2024-09-16 20:39:32.354137
Start: 2024-09-16 21:23:55.638108
End: 2024-09-16 21:32:02.332851
Duration: 0:08:06.694743
