Start: 2024-09-16 21:23:57.207673
End: 2024-09-16 21:31:59.499161
Duration: 0:08:02.291488
