Total Start: 2024-10-01 01:06:13.514252
Model Start: 2024-10-01 01:44:17.934168
Start: 2024-10-01 02:20:37.819279
End: 2024-10-01 02:24:05.272540
Duration: 0:03:27.453261
