Start: 2024-10-01 02:20:41.510965
End: 2024-10-01 02:23:56.094033
Duration: 0:03:14.583068
