Start: 2024-10-01 02:23:56.390516
End: 2024-10-01 02:24:00.588853
Duration: 0:00:04.198337
