Total Start: 2024-09-16 14:24:59.438522
Model Start: 2024-09-16 14:24:59.438525
Start: 2024-09-16 14:25:03.954907
End: 2024-09-16 14:27:54.535198
Duration: 0:02:50.580291
