Start: 2024-09-16 14:27:44.073383
End: 2024-09-16 14:27:52.230429
Duration: 0:00:08.157046
