Start: 2024-09-16 14:25:05.803074
End: 2024-09-16 14:27:43.952823
Duration: 0:02:38.149749
