Start: 2024-09-28 00:53:50.201105
End: 2024-09-28 00:55:00.098976
Duration: 0:01:09.897871
