Total Start: 2024-09-28 00:48:21.204854
Model Start: 2024-09-28 00:48:21.204858
Start: 2024-09-28 00:53:48.624942
End: 2024-09-28 00:55:02.145480
Duration: 0:01:13.520538
