Start: 2024-09-28 00:55:00.231652
End: 2024-09-28 00:55:00.871178
Duration: 0:00:00.639526
