Start: 2024-09-16 21:13:35.203002
End: 2024-09-16 21:18:26.127509
Duration: 0:04:50.924507
