Total Start: 2024-09-16 20:39:31.187347
Model Start: 2024-09-16 20:39:32.354137
Start: 2024-09-16 21:13:34.021599
End: 2024-09-16 21:18:57.893094
Duration: 0:05:23.871495
