Start: 2024-09-16 21:18:26.424095
End: 2024-09-16 21:18:56.263196
Duration: 0:00:29.839101
