Start: 2024-09-17 19:01:32.215157
End: 2024-09-17 19:01:38.461319
Duration: 0:00:06.246162
