Total Start: 2024-09-17 13:19:53.105080
Model Start: 2024-09-17 13:19:53.955682
Start: 2024-09-17 18:56:21.341953
End: 2024-09-17 19:01:38.466371
Duration: 0:05:17.124418
