Start: 2024-09-17 18:56:21.342947
End: 2024-09-17 19:01:32.201823
Duration: 0:05:10.858876
