Total Start: 2024-09-25 08:44:00.597600
Model Start: 2024-09-25 08:44:00.597603
Start: 2024-09-25 09:06:01.684600
End: 2024-09-25 09:06:51.960815
Duration: 0:00:50.276215
