Start: 2024-09-25 09:06:04.510056
End: 2024-09-25 09:06:49.758910
Duration: 0:00:45.248854
