Start: 2024-09-25 09:06:49.859869
End: 2024-09-25 09:06:50.659664
Duration: 0:00:00.799795
