Start: 2024-09-16 13:49:34.563008
End: 2024-09-16 13:51:44.740906
Duration: 0:02:10.177898
