Start: 2024-09-16 13:51:45.107872
End: 2024-09-16 13:51:46.348003
Duration: 0:00:01.240131
