Total Start: 2024-09-16 13:03:38.274023
Model Start: 2024-09-16 13:03:38.274026
Start: 2024-09-16 13:49:30.727258
End: 2024-09-16 13:51:48.471545
Duration: 0:02:17.744287
