Start: 2024-09-17 15:52:08.114994
End: 2024-09-17 15:52:14.059624
Duration: 0:00:05.944630
