Start: 2024-09-17 15:47:04.840008
End: 2024-09-17 15:52:08.101910
Duration: 0:05:03.261902
