Total Start: 2024-09-17 13:19:53.105080
Model Start: 2024-09-17 13:19:53.955682
Start: 2024-09-17 15:47:04.839205
End: 2024-09-17 15:52:14.064068
Duration: 0:05:09.224863
