Total Start: 2024-09-17 10:45:35.781535
Model Start: 2024-09-17 10:45:36.741343
Start: 2024-09-17 10:45:40.242435
End: 2024-09-17 10:50:45.212255
Duration: 0:05:04.969820
