Start: 2024-09-17 10:45:40.243040
End: 2024-09-17 10:50:35.912613
Duration: 0:04:55.669573
