Start: 2024-09-17 10:50:37.926963
End: 2024-09-17 10:50:45.196837
Duration: 0:00:07.269874
