Total Start: 2024-09-25 08:44:00.597600
Model Start: 2024-09-25 08:44:00.597603
Start: 2024-09-25 09:09:35.189319
End: 2024-09-25 09:11:32.876682
Duration: 0:01:57.687363
