Start: 2024-09-25 09:09:38.947689
End: 2024-09-25 09:11:30.195418
Duration: 0:01:51.247729
