Start: 2024-09-25 09:11:30.294982
End: 2024-09-25 09:11:31.171260
Duration: 0:00:00.876278
