Start: 2024-09-25 14:27:22.753596
End: 2024-09-25 14:28:18.139405
Duration: 0:00:55.385809
