Total Start: 2024-09-25 14:27:09.423176
Model Start: 2024-09-25 14:27:09.423178
Start: 2024-09-25 14:27:20.464544
End: 2024-09-25 14:28:24.548407
Duration: 0:01:04.083863
