Start: 2024-09-25 14:28:18.406352
End: 2024-09-25 14:28:23.431523
Duration: 0:00:05.025171
