Total Start: 2024-09-17 10:45:35.781535
Model Start: 2024-09-17 10:45:36.741343
Start: 2024-09-17 11:09:00.192017
End: 2024-09-17 11:13:55.224376
Duration: 0:04:55.032359
