Start: 2024-09-17 11:13:49.281765
End: 2024-09-17 11:13:55.217602
Duration: 0:00:05.935837
