Start: 2024-09-17 11:09:00.192464
End: 2024-09-17 11:13:49.245563
Duration: 0:04:49.053099
