Total Start: 2024-09-16 12:27:19.575562
Model Start: 2024-09-16 12:27:19.575564
Start: 2024-09-16 12:50:06.030341
End: 2024-09-16 12:51:56.227157
Duration: 0:01:50.196816
