Start: 2024-09-16 12:51:53.153451
End: 2024-09-16 12:51:54.206553
Duration: 0:00:01.053102
