Start: 2024-09-16 12:50:07.209825
End: 2024-09-16 12:51:53.031852
Duration: 0:01:45.822027
