Start: 2024-09-16 15:38:08.100074
End: 2024-09-16 15:38:09.358573
Duration: 0:00:01.258499
