Total Start: 2024-09-16 14:24:59.438522
Model Start: 2024-09-16 15:32:09.139359
Start: 2024-09-16 15:35:57.139269
End: 2024-09-16 15:38:11.058081
Duration: 0:02:13.918812
