Start: 2024-09-16 15:35:59.345850
End: 2024-09-16 15:38:07.837424
Duration: 0:02:08.491574
