Start: 2024-09-25 08:43:27.091471
End: 2024-09-25 08:43:33.029121
Duration: 0:00:05.937650
