Total Start: 2024-09-25 08:42:21.387727
Model Start: 2024-09-25 08:42:21.387730
Start: 2024-09-25 08:42:24.779052
End: 2024-09-25 08:43:34.252780
Duration: 0:01:09.473728
