Start: 2024-09-25 08:42:26.669839
End: 2024-09-25 08:43:26.962096
Duration: 0:01:00.292257
