Start: 2024-09-24 20:21:10.357496
End: 2024-09-24 20:22:03.704186
Duration: 0:00:53.346690
