Start: 2024-09-24 20:22:03.802349
End: 2024-09-24 20:22:04.716350
Duration: 0:00:00.914001
