Total Start: 2024-09-24 20:01:38.534831
Model Start: 2024-09-24 20:01:38.534833
Start: 2024-09-24 20:21:08.811025
End: 2024-09-24 20:22:06.522346
Duration: 0:00:57.711321
