Total Start: 2024-09-30 19:19:45.230615
Model Start: 2024-09-30 20:10:30.470989
Start: 2024-09-30 22:03:23.639660
End: 2024-09-30 22:22:58.833821
Duration: 0:19:35.194161
