Start: 2024-09-30 22:22:52.587902
End: 2024-09-30 22:22:56.099556
Duration: 0:00:03.511654
