Start: 2024-09-30 22:03:26.479055
End: 2024-09-30 22:22:51.756129
Duration: 0:19:25.277074
