Start: 2024-09-24 18:42:56.632979
End: 2024-09-24 18:43:50.060563
Duration: 0:00:53.427584
