Start: 2024-09-24 18:43:50.171265
End: 2024-09-24 18:43:51.241339
Duration: 0:00:01.070074
