Start: 2024-09-28 00:50:02.055514
End: 2024-09-28 00:51:11.344478
Duration: 0:01:09.288964
