Start: 2024-09-28 00:51:11.449863
End: 2024-09-28 00:51:11.922123
Duration: 0:00:00.472260
