Total Start: 2024-09-28 00:48:21.204854
Model Start: 2024-09-28 00:48:21.204858
Start: 2024-09-28 00:50:00.746286
End: 2024-09-28 00:51:12.962878
Duration: 0:01:12.216592
