Total Start: 2024-09-30 04:54:54.786574
Model Start: 2024-09-30 04:54:54.786578
Start: 2024-09-30 05:08:25.262260
End: 2024-09-30 05:12:33.741344
Duration: 0:04:08.479084
