Start: 2024-09-30 05:12:31.992671
End: 2024-09-30 05:12:32.645505
Duration: 0:00:00.652834
