Start: 2024-09-30 05:08:26.608333
End: 2024-09-30 05:12:31.780030
Duration: 0:04:05.171697
