Total Start: 2024-09-16 13:03:38.274023
Model Start: 2024-09-16 13:03:38.274026
Start: 2024-09-16 13:28:06.108052
End: 2024-09-16 13:29:19.514207
Duration: 0:01:13.406155
