Start: 2024-09-16 13:29:13.538777
End: 2024-09-16 13:29:18.144288
Duration: 0:00:04.605511
