Start: 2024-09-16 13:28:06.915899
End: 2024-09-16 13:29:13.421426
Duration: 0:01:06.505527
