Total Start: 2024-09-25 04:11:48.613439
Model Start: 2024-09-25 04:11:48.613442
Start: 2024-09-25 04:24:01.852197
End: 2024-09-25 04:25:32.686080
Duration: 0:01:30.833883
