Start: 2024-09-25 04:25:30.285878
End: 2024-09-25 04:25:31.014038
Duration: 0:00:00.728160
