Start: 2024-09-25 04:24:03.924461
End: 2024-09-25 04:25:30.189564
Duration: 0:01:26.265103
