Start: 2024-09-26 11:03:20.649874
End: 2024-09-26 11:03:21.142056
Duration: 0:00:00.492182
