Start: 2024-09-26 11:01:49.589274
End: 2024-09-26 11:03:20.547381
Duration: 0:01:30.958107
