Total Start: 2024-09-26 10:58:09.012363
Model Start: 2024-09-26 10:58:09.012365
Start: 2024-09-26 11:01:46.712413
End: 2024-09-26 11:03:22.158842
Duration: 0:01:35.446429
