Total Start: 2024-09-24 20:01:38.534831
Model Start: 2024-09-24 20:01:38.534833
Start: 2024-09-24 20:25:32.394070
End: 2024-09-24 20:26:30.532504
Duration: 0:00:58.138434
