Start: 2024-09-24 20:26:27.666207
End: 2024-09-24 20:26:28.662168
Duration: 0:00:00.995961
