Start: 2024-09-24 20:25:34.237130
End: 2024-09-24 20:26:27.568605
Duration: 0:00:53.331475
