Start: 2024-09-16 16:39:48.942411
End: 2024-09-16 16:40:11.057038
Duration: 0:00:22.114627
