Total Start: 2024-09-16 16:34:43.241323
Model Start: 2024-09-16 16:34:44.101856
Start: 2024-09-16 16:34:47.415783
End: 2024-09-16 16:40:12.733710
Duration: 0:05:25.317927
