Start: 2024-09-16 16:34:48.717410
End: 2024-09-16 16:39:48.753459
Duration: 0:05:00.036049
