Total Start: 2024-09-16 13:03:38.274023
Model Start: 2024-09-16 13:03:38.274026
Start: 2024-09-16 13:17:20.546574
End: 2024-09-16 13:19:22.582683
Duration: 0:02:02.036109
