Start: 2024-09-16 13:19:19.393212
End: 2024-09-16 13:19:20.122981
Duration: 0:00:00.729769
