Start: 2024-09-16 13:17:21.682200
End: 2024-09-16 13:19:19.283138
Duration: 0:01:57.600938
