Total Start: 2024-09-24 18:14:29.729863
Model Start: 2024-09-24 18:14:29.729869
Start: 2024-09-24 18:19:18.348265
End: 2024-09-24 18:19:57.250939
Duration: 0:00:38.902674
