Start: 2024-09-24 18:19:19.509897
End: 2024-09-24 18:19:55.470054
Duration: 0:00:35.960157
