Start: 2024-09-24 18:19:55.575091
End: 2024-09-24 18:19:56.129694
Duration: 0:00:00.554603
