Start: 2024-09-17 12:50:08.840060
End: 2024-09-17 12:50:14.357916
Duration: 0:00:05.517856
