Total Start: 2024-09-17 12:21:52.722767
Model Start: 2024-09-17 12:21:54.358331
Start: 2024-09-17 12:44:55.517744
End: 2024-09-17 12:50:14.365110
Duration: 0:05:18.847366
