Start: 2024-09-17 12:44:55.519065
End: 2024-09-17 12:50:06.807245
Duration: 0:05:11.288180
