Total Start: 2024-09-24 18:14:29.729863
Model Start: 2024-09-24 18:14:29.729869
Start: 2024-09-24 18:17:46.590903
End: 2024-09-24 18:19:16.315186
Duration: 0:01:29.724283
