Start: 2024-09-24 18:17:49.307498
End: 2024-09-24 18:19:14.173365
Duration: 0:01:24.865867
