Start: 2024-09-24 18:19:14.303877
End: 2024-09-24 18:19:14.843158
Duration: 0:00:00.539281
