Start: 2024-09-24 19:50:43.614837
End: 2024-09-24 19:52:08.743580
Duration: 0:01:25.128743
