Start: 2024-09-24 19:52:08.872192
End: 2024-09-24 19:52:09.710315
Duration: 0:00:00.838123
