Total Start: 2024-09-24 19:38:47.551090
Model Start: 2024-09-24 19:38:47.551094
Start: 2024-09-24 19:50:39.534789
End: 2024-09-24 19:52:11.411866
Duration: 0:01:31.877077
