Total Start: 2024-09-30 17:22:02.710994
Model Start: 2024-09-30 17:22:02.710999
Start: 2024-09-30 18:06:38.264247
End: 2024-09-30 18:11:49.494099
Duration: 0:05:11.229852
