Start: 2024-09-30 18:06:45.951549
End: 2024-09-30 18:11:44.861217
Duration: 0:04:58.909668
