Start: 2024-09-30 18:11:45.562694
End: 2024-09-30 18:11:47.338427
Duration: 0:00:01.775733
