Total Start: 2024-09-30 04:54:54.786574
Model Start: 2024-09-30 04:54:54.786578
Start: 2024-09-30 05:12:36.664585
End: 2024-09-30 05:19:04.673164
Duration: 0:06:28.008579
