Start: 2024-09-30 05:12:40.279116
End: 2024-09-30 05:18:35.242448
Duration: 0:05:54.963332
