Start: 2024-09-30 05:18:35.448784
End: 2024-09-30 05:19:03.082477
Duration: 0:00:27.633693
