Total Start: 2024-09-16 11:24:19.487206
Model Start: 2024-09-16 11:24:19.487209
Start: 2024-09-16 12:02:31.752470
End: 2024-09-16 12:04:07.534395
Duration: 0:01:35.781925
