Start: 2024-09-16 12:04:03.613594
End: 2024-09-16 12:04:04.838968
Duration: 0:00:01.225374
