Start: 2024-09-16 12:02:33.224710
End: 2024-09-16 12:04:03.503480
Duration: 0:01:30.278770
