Start: 2024-09-17 17:23:24.926636
End: 2024-09-17 17:28:26.395190
Duration: 0:05:01.468554
