Start: 2024-09-17 17:28:26.407555
End: 2024-09-17 17:28:32.871245
Duration: 0:00:06.463690
