Total Start: 2024-09-17 13:19:53.105080
Model Start: 2024-09-17 13:19:53.955682
Start: 2024-09-17 17:23:24.925629
End: 2024-09-17 17:28:32.875659
Duration: 0:05:07.950030
