Start: 2024-09-16 16:16:45.279976
End: 2024-09-16 16:16:46.758945
Duration: 0:00:01.478969
