Start: 2024-09-16 16:13:04.341418
End: 2024-09-16 16:16:45.026207
Duration: 0:03:40.684789
