Total Start: 2024-09-16 14:24:59.438522
Model Start: 2024-09-16 15:32:09.139359
Start: 2024-09-16 16:13:01.622929
End: 2024-09-16 16:16:48.641913
Duration: 0:03:47.018984
