Start: 2024-09-28 04:23:13.753799
End: 2024-09-28 04:24:48.835138
Duration: 0:01:35.081339
