Total Start: 2024-09-28 04:13:17.832768
Model Start: 2024-09-28 04:13:17.832771
Start: 2024-09-28 04:23:12.115287
End: 2024-09-28 04:24:51.188459
Duration: 0:01:39.073172
