Start: 2024-09-28 04:24:48.949667
End: 2024-09-28 04:24:49.565842
Duration: 0:00:00.616175
