Start: 2024-10-01 01:06:20.704857
End: 2024-10-01 01:08:52.413940
Duration: 0:02:31.709083
