Start: 2024-10-01 01:08:55.612641
End: 2024-10-01 01:09:00.077419
Duration: 0:00:04.464778
