Total Start: 2024-10-01 01:06:13.514252
Model Start: 2024-10-01 01:06:15.196214
Start: 2024-10-01 01:06:15.364174
End: 2024-10-01 01:09:01.810011
Duration: 0:02:46.445837
