Start: 2024-09-16 17:38:47.641200
End: 2024-09-16 17:45:39.247426
Duration: 0:06:51.606226
