Start: 2024-09-16 17:45:39.443325
End: 2024-09-16 17:45:40.420436
Duration: 0:00:00.977111
