Total Start: 2024-09-16 16:34:43.241323
Model Start: 2024-09-16 16:34:44.101856
Start: 2024-09-16 17:38:46.486177
End: 2024-09-16 17:45:42.267887
Duration: 0:06:55.781710
