Start: 2024-09-25 09:49:11.229293
End: 2024-09-25 09:51:03.165405
Duration: 0:01:51.936112
