Total Start: 2024-09-25 08:44:00.597600
Model Start: 2024-09-25 08:44:00.597603
Start: 2024-09-25 09:49:06.456079
End: 2024-09-25 09:51:07.195063
Duration: 0:02:00.738984
