Start: 2024-09-25 09:51:03.264745
End: 2024-09-25 09:51:04.810360
Duration: 0:00:01.545615
