Start: 2024-09-17 12:14:54.784959
End: 2024-09-17 12:15:00.836604
Duration: 0:00:06.051645
