Total Start: 2024-09-17 11:36:44.841026
Model Start: 2024-09-17 11:36:45.713764
Start: 2024-09-17 12:08:57.006069
End: 2024-09-17 12:15:00.843816
Duration: 0:06:03.837747
