Start: 2024-09-17 12:08:57.007121
End: 2024-09-17 12:14:48.774850
Duration: 0:05:51.767729
