Start: 2024-09-24 19:00:41.707261
End: 2024-09-24 19:00:43.280764
Duration: 0:00:01.573503
