Total Start: 2024-09-24 18:14:29.729863
Model Start: 2024-09-24 18:14:29.729869
Start: 2024-09-24 18:59:36.982117
End: 2024-09-24 19:00:45.474860
Duration: 0:01:08.492743
