Start: 2024-09-24 18:59:40.865943
End: 2024-09-24 19:00:41.600585
Duration: 0:01:00.734642
