Total Start: 2024-09-17 11:36:44.841026
Model Start: 2024-09-17 11:36:45.713764
Start: 2024-09-17 11:52:41.506980
End: 2024-09-17 11:58:14.898821
Duration: 0:05:33.391841
