Start: 2024-09-17 11:58:09.341598
End: 2024-09-17 11:58:14.874585
Duration: 0:00:05.532987
