Start: 2024-09-17 11:52:41.509724
End: 2024-09-17 11:58:05.256435
Duration: 0:05:23.746711
