Start: 2024-09-16 16:40:15.970855
End: 2024-09-16 16:44:07.942560
Duration: 0:03:51.971705
