Start: 2024-09-16 16:44:08.165862
End: 2024-09-16 16:44:08.854123
Duration: 0:00:00.688261
