Total Start: 2024-09-16 16:34:43.241323
Model Start: 2024-09-16 16:34:44.101856
Start: 2024-09-16 16:40:14.912856
End: 2024-09-16 16:44:10.275037
Duration: 0:03:55.362181
