Start: 2024-09-17 17:43:46.457339
End: 2024-09-17 17:49:19.365047
Duration: 0:05:32.907708
