Total Start: 2024-09-17 13:19:53.105080
Model Start: 2024-09-17 13:19:53.955682
Start: 2024-09-17 17:43:46.456356
End: 2024-09-17 17:49:25.124755
Duration: 0:05:38.668399
