Start: 2024-09-17 17:49:19.384395
End: 2024-09-17 17:49:25.117868
Duration: 0:00:05.733473
