Total Start: 2024-09-24 18:14:29.729863
Model Start: 2024-09-24 18:14:29.729869
Start: 2024-09-24 18:37:22.348116
End: 2024-09-24 18:38:26.951051
Duration: 0:01:04.602935
