Start: 2024-09-24 18:38:24.429736
End: 2024-09-24 18:38:25.387825
Duration: 0:00:00.958089
