Start: 2024-09-24 18:37:24.563244
End: 2024-09-24 18:38:24.244316
Duration: 0:00:59.681072
