Total Start: 2024-09-28 00:00:43.443002
Model Start: 2024-09-28 00:00:43.443006
Start: 2024-09-28 00:08:08.789836
End: 2024-09-28 00:09:22.249884
Duration: 0:01:13.460048
