Start: 2024-09-28 00:08:10.968042
End: 2024-09-28 00:09:20.450867
Duration: 0:01:09.482825
