Start: 2024-09-28 00:09:20.545874
End: 2024-09-28 00:09:21.146851
Duration: 0:00:00.600977
