Total Start: 2024-09-25 08:44:00.597600
Model Start: 2024-09-25 08:44:00.597603
Start: 2024-09-25 08:58:28.660674
End: 2024-09-25 09:00:27.960032
Duration: 0:01:59.299358
