Start: 2024-09-25 08:58:31.706034
End: 2024-09-25 09:00:25.570236
Duration: 0:01:53.864202
