Start: 2024-09-25 09:00:25.674496
End: 2024-09-25 09:00:26.380115
Duration: 0:00:00.705619
