Total Start: 2024-09-16 20:39:31.187347
Model Start: 2024-09-16 20:39:32.354137
Start: 2024-09-16 23:18:13.018719
End: 2024-09-16 23:33:55.264692
Duration: 0:15:42.245973
