Start: 2024-09-16 23:18:16.715928
End: 2024-09-16 23:33:50.305055
Duration: 0:15:33.589127
