Start: 2024-09-16 23:33:50.615308
End: 2024-09-16 23:33:52.346637
Duration: 0:00:01.731329
