Start: 2024-09-22 01:34:47.083228
End: 2024-09-22 01:35:41.930473
Duration: 0:00:54.847245
