Total Start: 2024-09-22 01:33:19.808510
Model Start: 2024-09-22 01:33:19.808513
Start: 2024-09-22 01:34:45.964384
End: 2024-09-22 01:35:48.586502
Duration: 0:01:02.622118
