Start: 2024-09-22 01:35:42.044895
End: 2024-09-22 01:35:47.316103
Duration: 0:00:05.271208
