Total Start: 2024-09-16 13:03:38.274023
Model Start: 2024-09-16 13:03:38.274026
Start: 2024-09-16 14:08:03.946573
End: 2024-09-16 14:11:57.576600
Duration: 0:03:53.630027
