Start: 2024-09-16 14:11:53.118442
End: 2024-09-16 14:11:54.600635
Duration: 0:00:01.482193
