Start: 2024-09-16 14:08:06.287523
End: 2024-09-16 14:11:52.999469
Duration: 0:03:46.711946
