Start: 2024-09-17 13:13:02.900865
End: 2024-09-17 13:13:08.512472
Duration: 0:00:05.611607
