Total Start: 2024-09-17 12:21:52.722767
Model Start: 2024-09-17 12:21:54.358331
Start: 2024-09-17 13:07:18.263609
End: 2024-09-17 13:13:08.518553
Duration: 0:05:50.254944
