Start: 2024-09-17 13:07:18.265414
End: 2024-09-17 13:12:56.886898
Duration: 0:05:38.621484
