Start: 2024-09-16 21:40:10.589984
End: 2024-09-16 21:43:18.546378
Duration: 0:03:07.956394
