Total Start: 2024-09-16 20:39:31.187347
Model Start: 2024-09-16 20:39:32.354137
Start: 2024-09-16 21:40:09.756035
End: 2024-09-16 21:43:20.973224
Duration: 0:03:11.217189
