Start: 2024-09-16 21:43:18.749529
End: 2024-09-16 21:43:19.610827
Duration: 0:00:00.861298
