Start: 2024-09-27 21:20:42.677080
End: 2024-09-27 21:20:46.696045
Duration: 0:00:04.018965
