Start: 2024-09-27 21:19:22.869056
End: 2024-09-27 21:20:42.569900
Duration: 0:01:19.700844
