Total Start: 2024-09-27 21:19:15.236173
Model Start: 2024-09-27 21:19:15.236176
Start: 2024-09-27 21:19:19.253864
End: 2024-09-27 21:20:47.896209
Duration: 0:01:28.642345
