Start: 2024-09-28 04:13:26.428160
End: 2024-09-28 04:14:43.932517
Duration: 0:01:17.504357
