Total Start: 2024-09-28 04:13:17.832768
Model Start: 2024-09-28 04:13:17.832771
Start: 2024-09-28 04:13:22.392072
End: 2024-09-28 04:14:49.338980
Duration: 0:01:26.946908
