Start: 2024-09-28 04:14:44.047343
End: 2024-09-28 04:14:48.114022
Duration: 0:00:04.066679
