Start: 2024-09-27 17:06:09.988302
End: 2024-09-27 17:07:35.472636
Duration: 0:01:25.484334
