Total Start: 2024-09-27 17:00:36.524262
Model Start: 2024-09-27 17:00:36.524266
Start: 2024-09-27 17:06:07.492409
End: 2024-09-27 17:07:42.242022
Duration: 0:01:34.749613
