Start: 2024-09-27 17:07:35.602196
End: 2024-09-27 17:07:40.851031
Duration: 0:00:05.248835
