Start: 2024-10-01 01:26:05.467538
End: 2024-10-01 01:28:12.528029
Duration: 0:02:07.060491
