Start: 2024-10-01 01:28:13.800954
End: 2024-10-01 01:28:17.449579
Duration: 0:00:03.648625
