Total Start: 2024-10-01 01:06:13.514252
Model Start: 2024-10-01 01:06:15.196214
Start: 2024-10-01 01:26:01.826333
End: 2024-10-01 01:28:20.308611
Duration: 0:02:18.482278
