Start: 2024-09-24 19:53:00.575715
End: 2024-09-24 19:54:01.325298
Duration: 0:01:00.749583
