Total Start: 2024-09-24 19:38:47.551090
Model Start: 2024-09-24 19:38:47.551094
Start: 2024-09-24 19:52:56.705621
End: 2024-09-24 19:54:03.776899
Duration: 0:01:07.071278
