Start: 2024-09-24 19:54:01.503369
End: 2024-09-24 19:54:02.324351
Duration: 0:00:00.820982
