Start: 2024-09-24 19:05:21.378537
End: 2024-09-24 19:06:16.050930
Duration: 0:00:54.672393
