Start: 2024-09-24 19:06:16.152477
End: 2024-09-24 19:06:17.741629
Duration: 0:00:01.589152
