Total Start: 2024-09-16 13:03:38.274023
Model Start: 2024-09-16 13:03:38.274026
Start: 2024-09-16 13:54:09.987247
End: 2024-09-16 13:55:48.535647
Duration: 0:01:38.548400
