Start: 2024-09-16 13:54:12.102410
End: 2024-09-16 13:55:44.901912
Duration: 0:01:32.799502
