Start: 2024-09-16 13:55:45.029458
End: 2024-09-16 13:55:46.251637
Duration: 0:00:01.222179
