Start: 2024-09-25 11:58:10.250874
End: 2024-09-25 11:58:10.803879
Duration: 0:00:00.553005
