Total Start: 2024-09-25 11:49:29.344034
Model Start: 2024-09-25 11:49:29.344037
Start: 2024-09-25 11:56:49.266431
End: 2024-09-25 11:58:11.902231
Duration: 0:01:22.635800
