Start: 2024-09-25 11:56:51.087379
End: 2024-09-25 11:58:10.153183
Duration: 0:01:19.065804
