Total Start: 2024-09-16 16:34:43.241323
Model Start: 2024-09-16 16:34:44.101856
Start: 2024-09-16 18:25:32.058535
End: 2024-09-16 18:32:35.974149
Duration: 0:07:03.915614
