Start: 2024-09-16 18:25:33.012183
End: 2024-09-16 18:32:07.254917
Duration: 0:06:34.242734
