Start: 2024-09-16 18:32:07.463778
End: 2024-09-16 18:32:33.761833
Duration: 0:00:26.298055
