Total Start: 2024-09-25 11:49:29.344034
Model Start: 2024-09-25 11:49:29.344037
Start: 2024-09-25 11:52:26.824767
End: 2024-09-25 11:53:47.441228
Duration: 0:01:20.616461
