Start: 2024-09-25 11:52:28.036340
End: 2024-09-25 11:53:39.337991
Duration: 0:01:11.301651
