Start: 2024-09-25 11:53:39.451837
End: 2024-09-25 11:53:45.949939
Duration: 0:00:06.498102
