Start: 2024-09-25 15:23:11.097694
End: 2024-09-25 15:23:17.564379
Duration: 0:00:06.466685
