Start: 2024-09-25 15:21:48.097558
End: 2024-09-25 15:23:10.994491
Duration: 0:01:22.896933
