Total Start: 2024-09-25 15:21:43.686272
Model Start: 2024-09-25 15:21:43.686275
Start: 2024-09-25 15:21:46.983888
End: 2024-09-25 15:23:19.049470
Duration: 0:01:32.065582
