Start: 2024-09-25 15:13:55.096327
End: 2024-09-25 15:16:13.122938
Duration: 0:02:18.026611
