Start: 2024-09-25 15:16:13.214443
End: 2024-09-25 15:16:21.092437
Duration: 0:00:07.877994
