Total Start: 2024-09-25 15:13:48.207640
Model Start: 2024-09-25 15:13:48.207643
Start: 2024-09-25 15:13:51.670968
End: 2024-09-25 15:16:22.726990
Duration: 0:02:31.056022
