Total Start: 2024-09-16 13:03:38.274023
Model Start: 2024-09-16 13:03:38.274026
Start: 2024-09-16 13:55:50.521639
End: 2024-09-16 13:57:28.302504
Duration: 0:01:37.780865
