Start: 2024-09-16 13:55:51.473426
End: 2024-09-16 13:57:24.618489
Duration: 0:01:33.145063
