Start: 2024-09-16 13:57:24.744012
End: 2024-09-16 13:57:26.028707
Duration: 0:00:01.284695
