Total Start: 2024-09-17 04:00:56.884117
Model Start: 2024-09-17 04:00:57.843650
Start: 2024-09-17 05:22:25.795645
End: 2024-09-17 05:33:52.478768
Duration: 0:11:26.683123
