Start: 2024-09-17 05:22:26.923313
End: 2024-09-17 05:33:48.705052
Duration: 0:11:21.781739
