Start: 2024-09-17 05:33:48.943402
End: 2024-09-17 05:33:49.958210
Duration: 0:00:01.014808
