Start: 2024-09-24 19:04:02.978504
End: 2024-09-24 19:04:04.484182
Duration: 0:00:01.505678
