Total Start: 2024-09-24 18:14:29.729863
Model Start: 2024-09-24 18:14:29.729869
Start: 2024-09-24 19:03:24.352162
End: 2024-09-24 19:04:06.569294
Duration: 0:00:42.217132
