Start: 2024-09-24 19:03:25.824509
End: 2024-09-24 19:04:02.874896
Duration: 0:00:37.050387
