Total Start: 2024-09-25 22:08:11.346476
Model Start: 2024-09-25 22:08:11.346479
Start: 2024-09-25 22:10:58.173765
End: 2024-09-25 22:12:26.981115
Duration: 0:01:28.807350
