Start: 2024-09-25 22:10:59.899180
End: 2024-09-25 22:12:18.121716
Duration: 0:01:18.222536
