Start: 2024-09-25 22:12:18.238634
End: 2024-09-25 22:12:25.494083
Duration: 0:00:07.255449
