Total Start: 2024-09-16 14:24:59.438522
Model Start: 2024-09-16 15:32:09.139359
Start: 2024-09-16 15:53:33.710296
End: 2024-09-16 15:59:02.912557
Duration: 0:05:29.202261
