Start: 2024-09-16 15:58:59.218469
End: 2024-09-16 15:59:00.719165
Duration: 0:00:01.500696
