Start: 2024-09-16 15:53:37.021628
End: 2024-09-16 15:58:58.993200
Duration: 0:05:21.971572
