Start: 2024-09-17 18:40:59.485097
End: 2024-09-17 18:45:40.740112
Duration: 0:04:41.255015
