Total Start: 2024-09-17 13:19:53.105080
Model Start: 2024-09-17 13:19:53.955682
Start: 2024-09-17 18:40:59.484235
End: 2024-09-17 18:45:47.031475
Duration: 0:04:47.547240
