Start: 2024-09-17 18:45:40.760800
End: 2024-09-17 18:45:47.023894
Duration: 0:00:06.263094
