Start: 2024-09-17 15:41:42.726398
End: 2024-09-17 15:46:56.385303
Duration: 0:05:13.658905
