Start: 2024-09-17 15:46:56.397786
End: 2024-09-17 15:47:02.647780
Duration: 0:00:06.249994
