Total Start: 2024-09-17 13:19:53.105080
Model Start: 2024-09-17 13:19:53.955682
Start: 2024-09-17 15:41:42.725673
End: 2024-09-17 15:47:02.667304
Duration: 0:05:19.941631
