Start: 2024-09-25 09:05:57.105849
End: 2024-09-25 09:05:57.915023
Duration: 0:00:00.809174
