Start: 2024-09-25 09:04:05.616443
End: 2024-09-25 09:05:57.002057
Duration: 0:01:51.385614
