Total Start: 2024-09-25 08:44:00.597600
Model Start: 2024-09-25 08:44:00.597603
Start: 2024-09-25 09:04:02.421898
End: 2024-09-25 09:05:59.537691
Duration: 0:01:57.115793
