Start: 2024-09-30 17:59:27.066210
End: 2024-09-30 18:02:55.232515
Duration: 0:03:28.166305
