Total Start: 2024-09-30 17:22:02.710994
Model Start: 2024-09-30 17:22:02.710999
Start: 2024-09-30 17:59:15.902666
End: 2024-09-30 18:02:59.363820
Duration: 0:03:43.461154
