Start: 2024-09-30 18:02:55.922690
End: 2024-09-30 18:02:57.534152
Duration: 0:00:01.611462
