Start: 2024-09-27 21:20:54.124435
End: 2024-09-27 21:22:01.601559
Duration: 0:01:07.477124
