Total Start: 2024-09-27 21:19:15.236173
Model Start: 2024-09-27 21:19:15.236176
Start: 2024-09-27 21:20:50.436478
End: 2024-09-27 21:22:03.362369
Duration: 0:01:12.925891
