Start: 2024-09-27 21:22:01.856114
End: 2024-09-27 21:22:02.331589
Duration: 0:00:00.475475
