Start: 2024-09-16 12:14:07.421614
End: 2024-09-16 12:14:08.915783
Duration: 0:00:01.494169
