Start: 2024-09-16 12:12:50.262867
End: 2024-09-16 12:14:07.140850
Duration: 0:01:16.877983
