Total Start: 2024-09-16 11:24:19.487206
Model Start: 2024-09-16 11:24:19.487209
Start: 2024-09-16 12:12:49.127671
End: 2024-09-16 12:14:11.589078
Duration: 0:01:22.461407
