Start: 2024-09-24 19:52:52.761443
End: 2024-09-24 19:52:53.557330
Duration: 0:00:00.795887
