Start: 2024-09-24 19:52:15.638438
End: 2024-09-24 19:52:52.652093
Duration: 0:00:37.013655
