Total Start: 2024-09-24 19:38:47.551090
Model Start: 2024-09-24 19:38:47.551094
Start: 2024-09-24 19:52:13.314603
End: 2024-09-24 19:52:54.883547
Duration: 0:00:41.568944
