Total Start: 2024-09-17 13:19:53.105080
Model Start: 2024-09-17 13:19:53.955682
Start: 2024-09-17 18:50:20.861893
End: 2024-09-17 18:56:19.282168
Duration: 0:05:58.420275
