Start: 2024-09-17 18:56:13.685312
End: 2024-09-17 18:56:19.272043
Duration: 0:00:05.586731
