Start: 2024-09-17 18:50:20.862640
End: 2024-09-17 18:56:13.661292
Duration: 0:05:52.798652
