Start: 2024-09-24 23:31:42.598608
End: 2024-09-24 23:32:50.161842
Duration: 0:01:07.563234
