Start: 2024-09-24 23:32:50.314267
End: 2024-09-24 23:32:50.860054
Duration: 0:00:00.545787
