Total Start: 2024-09-24 23:30:29.208445
Model Start: 2024-09-24 23:30:29.208449
Start: 2024-09-24 23:31:39.768525
End: 2024-09-24 23:32:51.882098
Duration: 0:01:12.113573
