Start: 2024-09-16 13:29:22.387762
End: 2024-09-16 13:30:17.696271
Duration: 0:00:55.308509
