Total Start: 2024-09-16 13:03:38.274023
Model Start: 2024-09-16 13:03:38.274026
Start: 2024-09-16 13:29:21.546061
End: 2024-09-16 13:30:20.002733
Duration: 0:00:58.456672
