Start: 2024-09-16 13:30:17.831830
End: 2024-09-16 13:30:18.624453
Duration: 0:00:00.792623
