Start: 2024-09-16 23:50:21.373741
End: 2024-09-16 23:50:23.089353
Duration: 0:00:01.715612
