Start: 2024-09-16 23:33:59.893507
End: 2024-09-16 23:50:21.149394
Duration: 0:16:21.255887
