Total Start: 2024-09-16 20:39:31.187347
Model Start: 2024-09-16 20:39:32.354137
Start: 2024-09-16 23:33:57.344412
End: 2024-09-16 23:50:26.080950
Duration: 0:16:28.736538
