Total Start: 2024-10-01 01:06:13.514252
Model Start: 2024-10-01 01:44:17.934168
Start: 2024-10-01 02:36:47.514265
End: 2024-10-01 02:39:35.255081
Duration: 0:02:47.740816
