Start: 2024-10-01 02:39:25.641460
End: 2024-10-01 02:39:30.136674
Duration: 0:00:04.495214
