Start: 2024-10-01 02:36:49.362149
End: 2024-10-01 02:39:25.372467
Duration: 0:02:36.010318
