Total Start: 2024-09-16 14:24:59.438522
Model Start: 2024-09-16 15:32:09.139359
Start: 2024-09-16 15:32:12.297551
End: 2024-09-16 15:35:55.018297
Duration: 0:03:42.720746
