Start: 2024-09-16 15:32:13.211452
End: 2024-09-16 15:35:24.219193
Duration: 0:03:11.007741
