Start: 2024-09-16 15:35:24.555634
End: 2024-09-16 15:35:53.283294
Duration: 0:00:28.727660
