Start: 2024-09-16 16:29:11.701343
End: 2024-09-16 16:34:28.708985
Duration: 0:05:17.007642
