Total Start: 2024-09-16 14:24:59.438522
Model Start: 2024-09-16 15:32:09.139359
Start: 2024-09-16 16:29:08.017864
End: 2024-09-16 16:34:33.070016
Duration: 0:05:25.052152
