Start: 2024-09-16 16:34:28.925008
End: 2024-09-16 16:34:30.610522
Duration: 0:00:01.685514
