Start: 2024-09-30 11:05:13.493370
End: 2024-09-30 11:08:29.285442
Duration: 0:03:15.792072
