Total Start: 2024-09-30 10:27:40.601156
Model Start: 2024-09-30 10:27:40.601160
Start: 2024-09-30 11:05:07.782966
End: 2024-09-30 11:08:32.241725
Duration: 0:03:24.458759
