Start: 2024-09-30 11:08:29.651832
End: 2024-09-30 11:08:30.571786
Duration: 0:00:00.919954
