Total Start: 2024-09-28 04:13:17.832768
Model Start: 2024-09-28 04:13:17.832771
Start: 2024-09-28 04:37:53.029491
End: 2024-09-28 04:39:33.250995
Duration: 0:01:40.221504
