Start: 2024-09-28 04:39:30.299144
End: 2024-09-28 04:39:31.186434
Duration: 0:00:00.887290
