Start: 2024-09-28 04:37:55.600425
End: 2024-09-28 04:39:30.187222
Duration: 0:01:34.586797
