Start: 2024-09-28 04:29:26.302683
End: 2024-09-28 04:29:26.992725
Duration: 0:00:00.690042
