Start: 2024-09-28 04:28:19.817065
End: 2024-09-28 04:29:26.190302
Duration: 0:01:06.373237
