Total Start: 2024-09-28 04:13:17.832768
Model Start: 2024-09-28 04:13:17.832771
Start: 2024-09-28 04:28:17.118786
End: 2024-09-28 04:29:28.229879
Duration: 0:01:11.111093
