Start: 2024-09-28 01:00:12.277557
End: 2024-09-28 01:00:12.965884
Duration: 0:00:00.688327
