Total Start: 2024-09-28 00:48:21.204854
Model Start: 2024-09-28 00:48:21.204858
Start: 2024-09-28 00:58:57.700546
End: 2024-09-28 01:00:14.199917
Duration: 0:01:16.499371
