Start: 2024-09-28 00:59:01.579487
End: 2024-09-28 01:00:12.169563
Duration: 0:01:10.590076
