Total Start: 2024-09-17 12:21:52.722767
Model Start: 2024-09-17 12:21:54.358331
Start: 2024-09-17 12:21:57.268184
End: 2024-09-17 12:28:20.762243
Duration: 0:06:23.494059
