Start: 2024-09-17 12:28:14.269167
End: 2024-09-17 12:28:20.755315
Duration: 0:00:06.486148
