Start: 2024-09-17 12:21:57.269167
End: 2024-09-17 12:28:06.249304
Duration: 0:06:08.980137
