Start: 2024-09-17 12:28:22.846196
End: 2024-09-17 12:33:49.812137
Duration: 0:05:26.965941
