Start: 2024-09-17 12:33:51.845922
End: 2024-09-17 12:33:57.544300
Duration: 0:00:05.698378
