Total Start: 2024-09-17 12:21:52.722767
Model Start: 2024-09-17 12:21:54.358331
Start: 2024-09-17 12:28:22.845318
End: 2024-09-17 12:33:57.552252
Duration: 0:05:34.706934
