Start: 2024-09-30 23:55:34.930365
End: 2024-09-30 23:55:36.608116
Duration: 0:00:01.677751
