Total Start: 2024-09-30 22:53:39.023088
Model Start: 2024-09-30 22:53:40.572284
Start: 2024-09-30 23:47:14.661006
End: 2024-09-30 23:55:38.297068
Duration: 0:08:23.636062
