Start: 2024-09-30 23:47:17.771803
End: 2024-09-30 23:55:34.122843
Duration: 0:08:16.351040
