Start: 2024-09-24 18:47:14.754030
End: 2024-09-24 18:47:15.901766
Duration: 0:00:01.147736
