Start: 2024-09-24 18:46:14.322322
End: 2024-09-24 18:47:14.644301
Duration: 0:01:00.321979
