Total Start: 2024-09-24 18:14:29.729863
Model Start: 2024-09-24 18:14:29.729869
Start: 2024-09-24 18:46:12.153291
End: 2024-09-24 18:47:17.567035
Duration: 0:01:05.413744
