Total Start: 2024-09-30 19:19:45.230615
Model Start: 2024-09-30 19:25:56.993873
Start: 2024-09-30 19:50:52.423032
End: 2024-09-30 19:53:07.821173
Duration: 0:02:15.398141
