Start: 2024-09-30 19:50:56.821106
End: 2024-09-30 19:53:04.294040
Duration: 0:02:07.472934
