Start: 2024-09-30 19:53:04.665850
End: 2024-09-30 19:53:05.976258
Duration: 0:00:01.310408
