Total Start: 2024-09-16 20:39:31.187347
Model Start: 2024-09-16 20:39:32.354137
Start: 2024-09-16 22:02:42.819087
End: 2024-09-16 22:07:36.103176
Duration: 0:04:53.284089
