Start: 2024-09-16 22:07:33.002751
End: 2024-09-16 22:07:34.116986
Duration: 0:00:01.114235
