Start: 2024-09-16 22:02:43.845923
End: 2024-09-16 22:07:32.791661
Duration: 0:04:48.945738
