Start: 2024-09-25 08:50:13.172669
End: 2024-09-25 08:51:32.230496
Duration: 0:01:19.057827
