Start: 2024-09-25 08:51:32.329381
End: 2024-09-25 08:51:32.873419
Duration: 0:00:00.544038
