Total Start: 2024-09-25 08:44:00.597600
Model Start: 2024-09-25 08:44:00.597603
Start: 2024-09-25 08:50:09.791194
End: 2024-09-25 08:51:33.964502
Duration: 0:01:24.173308
