Total Start: 2024-09-22 01:33:19.808510
Model Start: 2024-09-22 01:33:19.808513
Start: 2024-09-22 01:35:50.601492
End: 2024-09-22 01:37:21.601952
Duration: 0:01:31.000460
