Start: 2024-09-22 01:35:52.501262
End: 2024-09-22 01:37:19.502143
Duration: 0:01:27.000881
