Start: 2024-09-22 01:37:19.734799
End: 2024-09-22 01:37:20.265744
Duration: 0:00:00.530945
