Start: 2024-09-25 04:19:39.977186
End: 2024-09-25 04:21:06.658788
Duration: 0:01:26.681602
