Start: 2024-09-25 04:21:06.838572
End: 2024-09-25 04:21:07.582956
Duration: 0:00:00.744384
