Total Start: 2024-09-25 04:11:48.613439
Model Start: 2024-09-25 04:11:48.613442
Start: 2024-09-25 04:19:37.687597
End: 2024-09-25 04:21:09.096638
Duration: 0:01:31.409041
