Start: 2024-10-01 02:32:16.633245
End: 2024-10-01 02:32:20.872272
Duration: 0:00:04.239027
