Start: 2024-10-01 02:27:34.819980
End: 2024-10-01 02:32:16.361837
Duration: 0:04:41.541857
