Start: 2024-09-24 18:43:57.990980
End: 2024-09-24 18:45:23.730223
Duration: 0:01:25.739243
