Start: 2024-09-24 18:45:23.831467
End: 2024-09-24 18:45:24.986244
Duration: 0:00:01.154777
