Total Start: 2024-09-24 18:14:29.729863
Model Start: 2024-09-24 18:14:29.729869
Start: 2024-09-24 18:43:55.609315
End: 2024-09-24 18:45:27.300063
Duration: 0:01:31.690748
