Start: 2024-10-01 01:39:52.258092
End: 2024-10-01 01:39:56.660737
Duration: 0:00:04.402645
