Total Start: 2024-10-01 01:06:13.514252
Model Start: 2024-10-01 01:06:15.196214
Start: 2024-10-01 01:36:53.895133
End: 2024-10-01 01:40:00.679079
Duration: 0:03:06.783946
