Start: 2024-10-01 01:36:56.313116
End: 2024-10-01 01:39:51.173156
Duration: 0:02:54.860040
