Start: 2024-09-16 21:23:51.063698
End: 2024-09-16 21:23:51.960727
Duration: 0:00:00.897029
