Total Start: 2024-09-16 20:39:31.187347
Model Start: 2024-09-16 20:39:32.354137
Start: 2024-09-16 21:19:00.140906
End: 2024-09-16 21:23:53.544073
Duration: 0:04:53.403167
