Start: 2024-09-16 21:19:01.759151
End: 2024-09-16 21:23:50.838197
Duration: 0:04:49.079046
