Start: 2024-09-17 18:16:17.248742
End: 2024-09-17 18:16:23.231977
Duration: 0:00:05.983235
