Start: 2024-09-17 18:11:00.581305
End: 2024-09-17 18:16:17.201295
Duration: 0:05:16.619990
