Total Start: 2024-09-17 13:19:53.105080
Model Start: 2024-09-17 13:19:53.955682
Start: 2024-09-17 18:11:00.580276
End: 2024-09-17 18:16:23.240374
Duration: 0:05:22.660098
