Start: 2024-09-25 14:35:29.440941
End: 2024-09-25 14:35:30.017578
Duration: 0:00:00.576637
