Start: 2024-09-25 14:34:10.970898
End: 2024-09-25 14:35:29.329415
Duration: 0:01:18.358517
