Total Start: 2024-09-25 14:27:09.423176
Model Start: 2024-09-25 14:27:09.423178
Start: 2024-09-25 14:34:09.272059
End: 2024-09-25 14:35:31.131669
Duration: 0:01:21.859610
