Start: 2024-09-30 11:01:39.877563
End: 2024-09-30 11:01:40.774604
Duration: 0:00:00.897041
