Start: 2024-09-30 10:56:10.817293
End: 2024-09-30 11:01:39.545219
Duration: 0:05:28.727926
