Total Start: 2024-09-30 10:27:40.601156
Model Start: 2024-09-30 10:27:40.601160
Start: 2024-09-30 10:56:08.272924
End: 2024-09-30 11:01:42.404970
Duration: 0:05:34.132046
