Start: 2024-09-30 19:44:22.227803
End: 2024-09-30 19:46:14.646108
Duration: 0:01:52.418305
