Start: 2024-09-30 19:46:15.069501
End: 2024-09-30 19:46:16.282401
Duration: 0:00:01.212900
