Total Start: 2024-09-30 19:19:45.230615
Model Start: 2024-09-30 19:25:56.993873
Start: 2024-09-30 19:44:16.438870
End: 2024-09-30 19:46:18.377071
Duration: 0:02:01.938201
