Total Start: 2024-09-17 13:19:53.105080
Model Start: 2024-09-17 13:19:53.955682
Start: 2024-09-17 18:36:03.982630
End: 2024-09-17 18:40:57.467705
Duration: 0:04:53.485075
