Start: 2024-09-17 18:36:03.983594
End: 2024-09-17 18:40:51.673719
Duration: 0:04:47.690125
