Start: 2024-09-17 18:40:51.695265
End: 2024-09-17 18:40:57.462297
Duration: 0:00:05.767032
