Start: 2024-09-17 18:35:55.816125
End: 2024-09-17 18:36:01.753001
Duration: 0:00:05.936876
