Start: 2024-09-17 18:28:56.331051
End: 2024-09-17 18:35:55.790181
Duration: 0:06:59.459130
