Total Start: 2024-09-17 13:19:53.105080
Model Start: 2024-09-17 13:19:53.955682
Start: 2024-09-17 18:28:56.329615
End: 2024-09-17 18:36:01.760305
Duration: 0:07:05.430690
