Start: 2024-09-24 20:16:48.556709
End: 2024-09-24 20:17:41.875668
Duration: 0:00:53.318959
