Start: 2024-09-24 20:17:41.974296
End: 2024-09-24 20:17:42.790200
Duration: 0:00:00.815904
