Total Start: 2024-09-24 20:01:38.534831
Model Start: 2024-09-24 20:01:38.534833
Start: 2024-09-24 20:16:46.901199
End: 2024-09-24 20:17:44.443544
Duration: 0:00:57.542345
