Total Start: 2024-09-24 19:38:47.551090
Model Start: 2024-09-24 19:38:47.551094
Start: 2024-09-24 19:44:14.822085
End: 2024-09-24 19:45:19.702828
Duration: 0:01:04.880743
