Start: 2024-09-24 19:45:17.973927
End: 2024-09-24 19:45:18.581208
Duration: 0:00:00.607281
