Start: 2024-09-24 19:44:17.214117
End: 2024-09-24 19:45:17.785543
Duration: 0:01:00.571426
