Start: 2024-09-25 12:03:44.377737
End: 2024-09-25 12:03:45.024837
Duration: 0:00:00.647100
