Total Start: 2024-09-25 11:49:29.344034
Model Start: 2024-09-25 11:49:29.344037
Start: 2024-09-25 12:02:23.997013
End: 2024-09-25 12:03:46.258707
Duration: 0:01:22.261694
