Start: 2024-09-25 12:02:25.786760
End: 2024-09-25 12:03:44.147139
Duration: 0:01:18.360379
