Start: 2024-09-25 22:00:59.517820
End: 2024-09-25 22:03:01.398961
Duration: 0:02:01.881141
