Total Start: 2024-09-25 21:56:13.533277
Model Start: 2024-09-25 21:56:13.533281
Start: 2024-09-25 22:00:57.671932
End: 2024-09-25 22:03:03.525456
Duration: 0:02:05.853524
