Start: 2024-09-25 22:03:01.518171
End: 2024-09-25 22:03:02.108141
Duration: 0:00:00.589970
