Start: 2024-09-25 15:35:27.569380
End: 2024-09-25 15:35:28.205336
Duration: 0:00:00.635956
