Start: 2024-09-25 15:34:19.034273
End: 2024-09-25 15:35:27.465320
Duration: 0:01:08.431047
