Total Start: 2024-09-25 15:25:53.356327
Model Start: 2024-09-25 15:25:53.356330
Start: 2024-09-25 15:34:15.497993
End: 2024-09-25 15:35:29.721708
Duration: 0:01:14.223715
