Start: 2024-09-24 18:40:57.690156
End: 2024-09-24 18:40:58.704414
Duration: 0:00:01.014258
