Start: 2024-09-24 18:39:32.226696
End: 2024-09-24 18:40:57.592547
Duration: 0:01:25.365851
