Total Start: 2024-09-24 18:14:29.729863
Model Start: 2024-09-24 18:14:29.729869
Start: 2024-09-24 18:39:29.913453
End: 2024-09-24 18:41:00.675646
Duration: 0:01:30.762193
