Start: 2024-09-27 17:40:23.964627
End: 2024-09-27 17:40:24.538360
Duration: 0:00:00.573733
