Total Start: 2024-09-27 17:31:40.691707
Model Start: 2024-09-27 17:31:40.691711
Start: 2024-09-27 17:39:13.825283
End: 2024-09-27 17:40:25.708672
Duration: 0:01:11.883389
