Start: 2024-09-27 17:39:15.893795
End: 2024-09-27 17:40:23.867977
Duration: 0:01:07.974182
