Start: 2024-09-24 19:39:40.530451
End: 2024-09-24 19:39:44.682567
Duration: 0:00:04.152116
