Total Start: 2024-09-24 19:38:47.551090
Model Start: 2024-09-24 19:38:47.551094
Start: 2024-09-24 19:38:50.633718
End: 2024-09-24 19:39:45.832234
Duration: 0:00:55.198516
