Start: 2024-09-24 19:38:52.400903
End: 2024-09-24 19:39:40.422401
Duration: 0:00:48.021498
