Total Start: 2024-09-22 01:33:19.808510
Model Start: 2024-09-22 01:33:19.808513
Start: 2024-09-22 01:37:23.718665
End: 2024-09-22 01:38:02.798733
Duration: 0:00:39.080068
