Start: 2024-09-22 01:37:24.498545
End: 2024-09-22 01:38:00.662544
Duration: 0:00:36.163999
