Start: 2024-09-22 01:38:01.147829
End: 2024-09-22 01:38:01.714778
Duration: 0:00:00.566949
