Start: 2024-09-17 16:29:48.388531
End: 2024-09-17 16:33:57.521725
Duration: 0:04:09.133194
