Start: 2024-09-17 16:33:57.536920
End: 2024-09-17 16:34:02.897848
Duration: 0:00:05.360928
