Total Start: 2024-09-17 13:19:53.105080
Model Start: 2024-09-17 13:19:53.955682
Start: 2024-09-17 16:29:48.385993
End: 2024-09-17 16:34:02.902256
Duration: 0:04:14.516263
