Start: 2024-09-25 11:55:51.412701
End: 2024-09-25 11:55:51.961282
Duration: 0:00:00.548581
