Total Start: 2024-09-25 11:49:29.344034
Model Start: 2024-09-25 11:49:29.344037
Start: 2024-09-25 11:53:49.326901
End: 2024-09-25 11:55:53.713456
Duration: 0:02:04.386555
