Start: 2024-09-25 11:53:50.589081
End: 2024-09-25 11:55:51.209737
Duration: 0:02:00.620656
