Start: 2024-09-24 18:50:42.217843
End: 2024-09-24 18:51:42.327199
Duration: 0:01:00.109356
