Start: 2024-09-24 18:51:42.448007
End: 2024-09-24 18:51:43.692805
Duration: 0:00:01.244798
