Total Start: 2024-09-24 18:14:29.729863
Model Start: 2024-09-24 18:14:29.729869
Start: 2024-09-24 18:50:39.978023
End: 2024-09-24 18:51:45.545667
Duration: 0:01:05.567644
