Start: 2024-09-25 09:47:50.597909
End: 2024-09-25 09:49:00.326062
Duration: 0:01:09.728153
