Total Start: 2024-09-25 08:44:00.597600
Model Start: 2024-09-25 08:44:00.597603
Start: 2024-09-25 09:47:46.790904
End: 2024-09-25 09:49:04.437682
Duration: 0:01:17.646778
