Start: 2024-09-25 09:49:00.442601
End: 2024-09-25 09:49:01.975394
Duration: 0:00:01.532793
