Start: 2024-09-30 10:27:44.428815
End: 2024-09-30 10:31:55.639143
Duration: 0:04:11.210328
