Start: 2024-09-30 10:31:56.022214
End: 2024-09-30 10:32:24.256508
Duration: 0:00:28.234294
