Total Start: 2024-09-30 10:27:40.601156
Model Start: 2024-09-30 10:27:40.601160
Start: 2024-09-30 10:27:41.513514
End: 2024-09-30 10:32:26.016251
Duration: 0:04:44.502737
