Start: 2024-09-28 01:05:09.747143
End: 2024-09-28 01:06:48.513497
Duration: 0:01:38.766354
