Total Start: 2024-09-28 00:48:21.204854
Model Start: 2024-09-28 00:48:21.204858
Start: 2024-09-28 01:05:05.149496
End: 2024-09-28 01:06:51.206830
Duration: 0:01:46.057334
