Start: 2024-09-28 01:06:48.729341
End: 2024-09-28 01:06:49.537259
Duration: 0:00:00.807918
