Start: 2024-09-17 19:06:41.458033
End: 2024-09-17 19:06:47.245129
Duration: 0:00:05.787096
