Total Start: 2024-09-17 13:19:53.105080
Model Start: 2024-09-17 13:19:53.955682
Start: 2024-09-17 19:01:40.530489
End: 2024-09-17 19:06:47.251838
Duration: 0:05:06.721349
