Start: 2024-09-17 19:01:40.530992
End: 2024-09-17 19:06:41.436154
Duration: 0:05:00.905162
