Start: 2024-09-28 04:57:58.902315
End: 2024-09-28 04:58:00.081536
Duration: 0:00:01.179221
