Total Start: 2024-09-28 04:13:17.832768
Model Start: 2024-09-28 04:13:17.832771
Start: 2024-09-28 04:56:21.075234
End: 2024-09-28 04:58:02.121843
Duration: 0:01:41.046609
