Start: 2024-09-28 04:56:23.945519
End: 2024-09-28 04:57:58.784397
Duration: 0:01:34.838878
