Start: 2024-09-28 01:18:31.896116
End: 2024-09-28 01:19:40.807275
Duration: 0:01:08.911159
