Start: 2024-09-28 01:19:40.952214
End: 2024-09-28 01:19:41.948064
Duration: 0:00:00.995850
