Total Start: 2024-09-28 00:48:21.204854
Model Start: 2024-09-28 00:48:21.204858
Start: 2024-09-28 01:18:28.794490
End: 2024-09-28 01:19:43.454841
Duration: 0:01:14.660351
