Total Start: 2024-09-17 13:19:53.105080
Model Start: 2024-09-17 13:19:53.955682
Start: 2024-09-17 13:19:56.955935
End: 2024-09-17 13:24:56.517446
Duration: 0:04:59.561511
