Start: 2024-09-17 13:19:56.957623
End: 2024-09-17 13:24:50.801954
Duration: 0:04:53.844331
