Start: 2024-09-17 13:24:50.829887
End: 2024-09-17 13:24:56.505673
Duration: 0:00:05.675786
