Start: 2024-09-24 19:56:40.115762
End: 2024-09-24 19:56:41.007270
Duration: 0:00:00.891508
