Total Start: 2024-09-24 19:38:47.551090
Model Start: 2024-09-24 19:38:47.551094
Start: 2024-09-24 19:55:07.072145
End: 2024-09-24 19:56:42.678274
Duration: 0:01:35.606129
