Start: 2024-09-24 19:55:10.540410
End: 2024-09-24 19:56:40.003654
Duration: 0:01:29.463244
