Total Start: 2024-09-30 19:19:45.230615
Model Start: 2024-09-30 19:25:56.993873
Start: 2024-09-30 19:31:42.593447
End: 2024-09-30 19:34:21.652981
Duration: 0:02:39.059534
