Start: 2024-09-30 19:31:53.898589
End: 2024-09-30 19:34:18.193710
Duration: 0:02:24.295121
