Start: 2024-09-30 19:34:18.914269
End: 2024-09-30 19:34:19.959557
Duration: 0:00:01.045288
