Start: 2024-09-30 19:19:49.715581
End: 2024-09-30 19:22:48.589167
Duration: 0:02:58.873586
