Start: 2024-09-30 19:22:53.373956
End: 2024-09-30 19:23:04.969304
Duration: 0:00:11.595348
