Total Start: 2024-09-30 19:19:45.230615
Model Start: 2024-09-30 19:19:46.030373
Start: 2024-09-30 19:19:46.257478
End: 2024-09-30 19:23:07.416426
Duration: 0:03:21.158948
