Start: 2024-09-25 08:49:12.087215
End: 2024-09-25 08:49:12.603771
Duration: 0:00:00.516556
