Total Start: 2024-09-25 08:44:00.597600
Model Start: 2024-09-25 08:44:00.597603
Start: 2024-09-25 08:47:12.054533
End: 2024-09-25 08:49:13.999848
Duration: 0:02:01.945315
