Start: 2024-09-25 08:47:16.980439
End: 2024-09-25 08:49:11.984324
Duration: 0:01:55.003885
