Start: 2024-09-17 15:03:49.110739
End: 2024-09-17 15:03:55.105790
Duration: 0:00:05.995051
