Total Start: 2024-09-17 13:19:53.105080
Model Start: 2024-09-17 13:19:53.955682
Start: 2024-09-17 14:59:46.478637
End: 2024-09-17 15:03:55.112767
Duration: 0:04:08.634130
