Start: 2024-09-17 14:59:46.479564
End: 2024-09-17 15:03:49.081575
Duration: 0:04:02.602011
