Total Start: 2024-09-25 15:25:53.356327
Model Start: 2024-09-25 15:25:53.356330
Start: 2024-09-25 15:41:15.142843
End: 2024-09-25 15:43:20.350513
Duration: 0:02:05.207670
