Start: 2024-09-25 15:41:20.401213
End: 2024-09-25 15:43:17.852939
Duration: 0:01:57.451726
