Start: 2024-09-25 15:43:17.964825
End: 2024-09-25 15:43:18.752899
Duration: 0:00:00.788074
