Total Start: 2024-09-22 01:33:19.808510
Model Start: 2024-09-22 01:33:19.808513
Start: 2024-09-22 01:40:09.728001
End: 2024-09-22 01:41:45.306673
Duration: 0:01:35.578672
