Start: 2024-09-22 01:40:13.353846
End: 2024-09-22 01:41:43.133841
Duration: 0:01:29.779995
