Start: 2024-09-22 01:41:43.221402
End: 2024-09-22 01:41:43.832188
Duration: 0:00:00.610786
