Total Start: 2024-09-28 00:48:21.204854
Model Start: 2024-09-28 00:48:21.204858
Start: 2024-09-28 01:00:17.589937
End: 2024-09-28 01:01:32.830570
Duration: 0:01:15.240633
