Start: 2024-09-28 01:00:20.644502
End: 2024-09-28 01:01:30.672099
Duration: 0:01:10.027597
