Start: 2024-09-28 01:01:30.783246
End: 2024-09-28 01:01:31.484856
Duration: 0:00:00.701610
