Total Start: 2024-09-17 10:45:35.781535
Model Start: 2024-09-17 10:45:36.741343
Start: 2024-09-17 11:13:57.120305
End: 2024-09-17 11:18:51.403746
Duration: 0:04:54.283441
