Start: 2024-09-17 11:18:45.458253
End: 2024-09-17 11:18:51.396792
Duration: 0:00:05.938539
