Start: 2024-09-17 11:13:57.121787
End: 2024-09-17 11:18:45.367187
Duration: 0:04:48.245400
