Start: 2024-09-17 15:18:36.118668
End: 2024-09-17 15:18:41.582510
Duration: 0:00:05.463842
