Total Start: 2024-09-17 13:19:53.105080
Model Start: 2024-09-17 13:19:53.955682
Start: 2024-09-17 15:14:43.279219
End: 2024-09-17 15:18:41.587433
Duration: 0:03:58.308214
