Start: 2024-09-17 15:14:43.280607
End: 2024-09-17 15:18:36.088621
Duration: 0:03:52.808014
