Start: 2024-09-28 01:04:59.820611
End: 2024-09-28 01:05:00.613793
Duration: 0:00:00.793182
