Start: 2024-09-28 01:03:20.420012
End: 2024-09-28 01:04:59.723033
Duration: 0:01:39.303021
