Total Start: 2024-09-28 00:48:21.204854
Model Start: 2024-09-28 00:48:21.204858
Start: 2024-09-28 01:03:16.394666
End: 2024-09-28 01:05:02.286227
Duration: 0:01:45.891561
