Start: 2024-09-25 15:26:59.638682
End: 2024-09-25 15:27:04.864788
Duration: 0:00:05.226106
