Total Start: 2024-09-25 15:25:53.356327
Model Start: 2024-09-25 15:25:53.356330
Start: 2024-09-25 15:25:58.857823
End: 2024-09-25 15:27:05.992970
Duration: 0:01:07.135147
