Start: 2024-09-25 15:25:59.875387
End: 2024-09-25 15:26:59.534912
Duration: 0:00:59.659525
