Total Start: 2024-09-17 10:45:35.781535
Model Start: 2024-09-17 10:45:36.741343
Start: 2024-09-17 11:03:43.394455
End: 2024-09-17 11:08:58.233085
Duration: 0:05:14.838630
