Start: 2024-09-17 11:03:43.396279
End: 2024-09-17 11:08:49.650212
Duration: 0:05:06.253933
