Start: 2024-09-17 11:08:51.688772
End: 2024-09-17 11:08:58.223478
Duration: 0:00:06.534706
