Total Start: 2024-09-25 08:44:00.597600
Model Start: 2024-09-25 08:44:00.597603
Start: 2024-09-25 09:29:18.900974
End: 2024-09-25 09:30:43.099390
Duration: 0:01:24.198416
