Start: 2024-09-25 09:29:21.433309
End: 2024-09-25 09:30:40.027206
Duration: 0:01:18.593897
