Start: 2024-09-25 09:30:40.120835
End: 2024-09-25 09:30:41.313541
Duration: 0:00:01.192706
