Start: 2024-09-25 04:23:57.482391
End: 2024-09-25 04:23:58.181479
Duration: 0:00:00.699088
