Total Start: 2024-09-25 04:11:48.613439
Model Start: 2024-09-25 04:11:48.613442
Start: 2024-09-25 04:23:01.808971
End: 2024-09-25 04:23:59.796813
Duration: 0:00:57.987842
