Start: 2024-09-25 04:23:03.294870
End: 2024-09-25 04:23:57.376425
Duration: 0:00:54.081555
