Start: 2024-09-16 13:46:34.775680
End: 2024-09-16 13:47:56.531678
Duration: 0:01:21.755998
