Total Start: 2024-09-16 13:03:38.274023
Model Start: 2024-09-16 13:03:38.274026
Start: 2024-09-16 13:46:33.486424
End: 2024-09-16 13:47:59.677744
Duration: 0:01:26.191320
