Start: 2024-09-16 13:47:56.649983
End: 2024-09-16 13:47:57.717187
Duration: 0:00:01.067204
