Start: 2024-09-25 09:30:47.213465
End: 2024-09-25 09:31:56.931215
Duration: 0:01:09.717750
