Total Start: 2024-09-25 08:44:00.597600
Model Start: 2024-09-25 08:44:00.597603
Start: 2024-09-25 09:30:45.101373
End: 2024-09-25 09:32:00.322637
Duration: 0:01:15.221264
