Start: 2024-09-25 09:31:57.030655
End: 2024-09-25 09:31:58.249717
Duration: 0:00:01.219062
