Start: 2024-09-16 18:47:07.038609
End: 2024-09-16 18:56:05.950215
Duration: 0:08:58.911606
