Start: 2024-09-16 18:56:06.175191
End: 2024-09-16 18:56:07.701710
Duration: 0:00:01.526519
