Total Start: 2024-09-16 16:34:43.241323
Model Start: 2024-09-16 16:34:44.101856
Start: 2024-09-16 18:47:05.718579
End: 2024-09-16 18:56:09.933102
Duration: 0:09:04.214523
