Total Start: 2024-09-28 04:13:17.832768
Model Start: 2024-09-28 04:13:17.832771
Start: 2024-09-28 04:41:19.812662
End: 2024-09-28 04:43:00.086445
Duration: 0:01:40.273783
