Start: 2024-09-28 04:42:57.378582
End: 2024-09-28 04:42:58.311008
Duration: 0:00:00.932426
