Start: 2024-09-28 04:41:22.270548
End: 2024-09-28 04:42:57.272744
Duration: 0:01:35.002196
