Start: 2024-09-28 15:31:04.009063
End: 2024-09-28 15:31:04.773278
Duration: 0:00:00.764215
