Start: 2024-09-28 15:29:21.723642
End: 2024-09-28 15:31:03.851912
Duration: 0:01:42.128270
