Total Start: 2024-09-28 15:21:13.023243
Model Start: 2024-09-28 15:21:13.023246
Start: 2024-09-28 15:29:19.476984
End: 2024-09-28 15:31:06.473711
Duration: 0:01:46.996727
