Total Start: 2024-09-25 11:49:29.344034
Model Start: 2024-09-25 11:49:29.344037
Start: 2024-09-25 12:05:04.802625
End: 2024-09-25 12:07:09.885147
Duration: 0:02:05.082522
