Start: 2024-09-25 12:05:06.626227
End: 2024-09-25 12:07:07.517329
Duration: 0:02:00.891102
