Start: 2024-09-25 12:07:07.609853
End: 2024-09-25 12:07:08.336002
Duration: 0:00:00.726149
