Start: 2024-09-30 17:56:08.457369
End: 2024-09-30 17:59:12.249492
Duration: 0:03:03.792123
