Start: 2024-09-30 17:59:12.763798
End: 2024-09-30 17:59:14.250282
Duration: 0:00:01.486484
