Start: 2024-09-16 19:50:40.483844
End: 2024-09-16 19:50:44.008551
Duration: 0:00:03.524707
