Start: 2024-09-16 19:45:27.549131
End: 2024-09-16 19:50:40.180852
Duration: 0:05:12.631721
