Total Start: 2024-09-16 16:34:43.241323
Model Start: 2024-09-16 16:34:44.101856
Start: 2024-09-16 19:45:25.644240
End: 2024-09-16 19:50:46.730376
Duration: 0:05:21.086136
