Start: 2024-09-30 20:57:00.940348
End: 2024-09-30 20:57:03.772748
Duration: 0:00:02.832400
