Total Start: 2024-09-30 19:19:45.230615
Model Start: 2024-09-30 20:10:30.470989
Start: 2024-09-30 20:45:29.570066
End: 2024-09-30 20:57:06.103154
Duration: 0:11:36.533088
