Start: 2024-09-30 20:45:35.174057
End: 2024-09-30 20:57:00.087152
Duration: 0:11:24.913095
