Total Start: 2024-09-26 11:33:46.389357
Model Start: 2024-09-26 11:33:46.389360
Start: 2024-09-26 11:37:25.305274
End: 2024-09-26 11:39:02.831811
Duration: 0:01:37.526537
