Start: 2024-09-26 11:37:28.059158
End: 2024-09-26 11:39:01.043281
Duration: 0:01:32.984123
