Start: 2024-09-26 11:39:01.167569
End: 2024-09-26 11:39:01.703802
Duration: 0:00:00.536233
