Start: 2024-10-01 01:42:00.212950
End: 2024-10-01 01:42:05.008695
Duration: 0:00:04.795745
