Start: 2024-10-01 01:40:02.620376
End: 2024-10-01 01:41:59.023521
Duration: 0:01:56.403145
