Total Start: 2024-10-01 01:06:13.514252
Model Start: 2024-10-01 01:06:15.196214
Start: 2024-10-01 01:40:00.684341
End: 2024-10-01 01:42:09.184384
Duration: 0:02:08.500043
