Start: 2024-09-16 15:45:54.577525
End: 2024-09-16 15:45:55.879980
Duration: 0:00:01.302455
