Start: 2024-09-16 15:42:08.650397
End: 2024-09-16 15:45:54.323102
Duration: 0:03:45.672705
