Total Start: 2024-09-16 14:24:59.438522
Model Start: 2024-09-16 15:32:09.139359
Start: 2024-09-16 15:42:04.754253
End: 2024-09-16 15:45:57.643594
Duration: 0:03:52.889341
