Start: 2024-09-24 19:43:28.481189
End: 2024-09-24 19:43:29.022124
Duration: 0:00:00.540935
