Start: 2024-09-24 19:42:03.602288
End: 2024-09-24 19:43:28.378142
Duration: 0:01:24.775854
