Total Start: 2024-09-24 19:38:47.551090
Model Start: 2024-09-24 19:38:47.551094
Start: 2024-09-24 19:42:00.484827
End: 2024-09-24 19:43:30.436592
Duration: 0:01:29.951765
