Start: 2024-09-30 04:59:58.014869
End: 2024-09-30 05:00:23.065463
Duration: 0:00:25.050594
