Start: 2024-09-30 04:55:01.317611
End: 2024-09-30 04:59:57.792534
Duration: 0:04:56.474923
