Total Start: 2024-09-30 04:54:54.786574
Model Start: 2024-09-30 04:54:54.786578
Start: 2024-09-30 04:54:59.576182
End: 2024-09-30 05:00:24.367507
Duration: 0:05:24.791325
