Total Start: 2024-09-16 14:24:59.438522
Model Start: 2024-09-16 14:24:59.438525
Start: 2024-09-16 15:07:13.946252
End: 2024-09-16 15:09:10.234546
Duration: 0:01:56.288294
