Start: 2024-09-16 15:07:15.161936
End: 2024-09-16 15:09:07.297033
Duration: 0:01:52.135097
