Start: 2024-09-16 15:09:07.400594
End: 2024-09-16 15:09:08.315645
Duration: 0:00:00.915051
