Start: 2024-09-24 18:41:04.238751
End: 2024-09-24 18:41:40.972855
Duration: 0:00:36.734104
