Start: 2024-09-24 18:41:41.093963
End: 2024-09-24 18:41:42.156682
Duration: 0:00:01.062719
