Total Start: 2024-09-24 18:14:29.729863
Model Start: 2024-09-24 18:14:29.729869
Start: 2024-09-24 18:41:02.901243
End: 2024-09-24 18:41:43.902391
Duration: 0:00:41.001148
