Start: 2024-09-28 15:26:13.146170
End: 2024-09-28 15:27:55.426957
Duration: 0:01:42.280787
