Total Start: 2024-09-28 15:21:13.023243
Model Start: 2024-09-28 15:21:13.023246
Start: 2024-09-28 15:26:11.035129
End: 2024-09-28 15:27:57.842328
Duration: 0:01:46.807199
