Start: 2024-09-28 15:27:55.592893
End: 2024-09-28 15:27:56.193750
Duration: 0:00:00.600857
