Total Start: 2024-09-16 13:03:38.274023
Model Start: 2024-09-16 13:03:38.274026
Start: 2024-09-16 14:05:35.098734
End: 2024-09-16 14:08:01.535116
Duration: 0:02:26.436382
