Start: 2024-09-16 14:07:57.121773
End: 2024-09-16 14:07:58.608242
Duration: 0:00:01.486469
