Start: 2024-09-16 14:05:36.441718
End: 2024-09-16 14:07:56.919440
Duration: 0:02:20.477722
