Total Start: 2024-09-22 01:33:19.808510
Model Start: 2024-09-22 01:33:19.808513
Start: 2024-09-22 01:43:33.524856
End: 2024-09-22 01:44:30.303083
Duration: 0:00:56.778227
