Start: 2024-09-22 01:44:28.134205
End: 2024-09-22 01:44:28.840899
Duration: 0:00:00.706694
