Start: 2024-09-22 01:43:34.475247
End: 2024-09-22 01:44:28.033251
Duration: 0:00:53.558004
