Start: 2024-09-16 15:16:08.893406
End: 2024-09-16 15:19:10.880808
Duration: 0:03:01.987402
