Total Start: 2024-09-16 14:24:59.438522
Model Start: 2024-09-16 14:24:59.438525
Start: 2024-09-16 15:16:07.471068
End: 2024-09-16 15:19:15.037130
Duration: 0:03:07.566062
