Start: 2024-09-16 15:19:11.001457
End: 2024-09-16 15:19:12.127185
Duration: 0:00:01.125728
