Start: 2024-10-01 02:10:57.390105
End: 2024-10-01 02:11:01.881066
Duration: 0:00:04.490961
