Total Start: 2024-10-01 01:06:13.514252
Model Start: 2024-10-01 01:44:17.934168
Start: 2024-10-01 02:08:21.990238
End: 2024-10-01 02:11:07.108146
Duration: 0:02:45.117908
