Start: 2024-10-01 02:08:23.295084
End: 2024-10-01 02:10:56.893999
Duration: 0:02:33.598915
