Start: 2024-09-17 11:42:18.261374
End: 2024-09-17 11:42:23.972185
Duration: 0:00:05.710811
