Total Start: 2024-09-17 11:36:44.841026
Model Start: 2024-09-17 11:36:45.713764
Start: 2024-09-17 11:36:48.565382
End: 2024-09-17 11:42:23.990913
Duration: 0:05:35.425531
