Start: 2024-09-17 11:36:48.566436
End: 2024-09-17 11:42:16.246899
Duration: 0:05:27.680463
