Total Start: 2024-09-28 04:13:17.832768
Model Start: 2024-09-28 04:13:17.832771
Start: 2024-09-28 04:21:30.787570
End: 2024-09-28 04:23:09.122914
Duration: 0:01:38.335344
