Start: 2024-09-28 04:21:32.727665
End: 2024-09-28 04:23:06.923147
Duration: 0:01:34.195482
