Start: 2024-09-28 04:23:07.040677
End: 2024-09-28 04:23:07.637701
Duration: 0:00:00.597024
