Total Start: 2024-09-25 08:44:00.597600
Model Start: 2024-09-25 08:44:00.597603
Start: 2024-09-25 08:49:15.899787
End: 2024-09-25 08:50:07.653034
Duration: 0:00:51.753247
