Start: 2024-09-25 08:49:19.163874
End: 2024-09-25 08:50:05.906430
Duration: 0:00:46.742556
