Start: 2024-09-25 08:50:06.012735
End: 2024-09-25 08:50:06.548327
Duration: 0:00:00.535592
