Start: 2024-09-30 19:29:04.589793
End: 2024-09-30 19:29:25.405051
Duration: 0:00:20.815258
