Start: 2024-09-30 19:26:01.796018
End: 2024-09-30 19:29:04.140032
Duration: 0:03:02.344014
