Total Start: 2024-09-30 19:19:45.230615
Model Start: 2024-09-30 19:25:56.993873
Start: 2024-09-30 19:25:57.855927
End: 2024-09-30 19:29:26.931947
Duration: 0:03:29.076020
