Total Start: 2024-09-24 18:14:29.729863
Model Start: 2024-09-24 18:14:29.729869
Start: 2024-09-24 18:26:24.955138
End: 2024-09-24 18:27:54.044605
Duration: 0:01:29.089467
