Start: 2024-09-24 18:27:51.756934
End: 2024-09-24 18:27:52.476702
Duration: 0:00:00.719768
