Start: 2024-09-24 18:26:27.288823
End: 2024-09-24 18:27:51.648065
Duration: 0:01:24.359242
