Start: 2024-09-30 19:37:06.196730
End: 2024-09-30 19:40:34.681217
Duration: 0:03:28.484487
