Start: 2024-09-30 19:40:35.056778
End: 2024-09-30 19:40:59.553774
Duration: 0:00:24.496996
