Total Start: 2024-09-30 19:19:45.230615
Model Start: 2024-09-30 19:25:56.993873
Start: 2024-09-30 19:36:57.349369
End: 2024-09-30 19:41:01.640907
Duration: 0:04:04.291538
