Start: 2024-09-16 13:09:46.880413
End: 2024-09-16 13:11:05.380175
Duration: 0:01:18.499762
