Start: 2024-09-16 13:11:05.497052
End: 2024-09-16 13:11:12.662152
Duration: 0:00:07.165100
