Total Start: 2024-09-16 13:03:38.274023
Model Start: 2024-09-16 13:03:38.274026
Start: 2024-09-16 13:09:46.004621
End: 2024-09-16 13:11:14.616610
Duration: 0:01:28.611989
