Total Start: 2024-09-16 20:39:31.187347
Model Start: 2024-09-16 20:39:32.354137
Start: 2024-09-17 00:47:14.957887
End: 2024-09-17 01:03:59.428267
Duration: 0:16:44.470380
