Start: 2024-09-17 00:47:16.856997
End: 2024-09-17 01:03:53.243784
Duration: 0:16:36.386787
