Start: 2024-09-17 01:03:53.473501
End: 2024-09-17 01:03:55.591107
Duration: 0:00:02.117606
