Start: 2024-09-27 17:35:23.486387
End: 2024-09-27 17:35:23.987469
Duration: 0:00:00.501082
