Start: 2024-09-27 17:33:47.717664
End: 2024-09-27 17:35:23.380616
Duration: 0:01:35.662952
