Total Start: 2024-09-27 17:31:40.691707
Model Start: 2024-09-27 17:31:40.691711
Start: 2024-09-27 17:33:43.293731
End: 2024-09-27 17:35:25.348170
Duration: 0:01:42.054439
