Total Start: 2024-09-16 20:39:31.187347
Model Start: 2024-09-16 20:39:32.354137
Start: 2024-09-16 22:48:29.238408
End: 2024-09-16 22:59:09.896392
Duration: 0:10:40.657984
