Start: 2024-09-16 22:48:30.575489
End: 2024-09-16 22:59:06.390268
Duration: 0:10:35.814779
