Start: 2024-09-16 22:59:06.590151
End: 2024-09-16 22:59:07.879852
Duration: 0:00:01.289701
