Total Start: 2024-09-17 13:19:53.105080
Model Start: 2024-09-17 13:19:53.955682
Start: 2024-09-17 13:47:02.826984
End: 2024-09-17 13:52:18.688189
Duration: 0:05:15.861205
