Start: 2024-09-17 13:47:02.828182
End: 2024-09-17 13:52:12.852166
Duration: 0:05:10.023984
