Start: 2024-09-17 13:52:12.895375
End: 2024-09-17 13:52:18.681156
Duration: 0:00:05.785781
