Start: 2024-10-01 01:16:19.766342
End: 2024-10-01 01:19:11.611344
Duration: 0:02:51.845002
