Total Start: 2024-10-01 01:06:13.514252
Model Start: 2024-10-01 01:06:15.196214
Start: 2024-10-01 01:16:16.193750
End: 2024-10-01 01:19:21.218759
Duration: 0:03:05.025009
