Start: 2024-10-01 01:19:12.710330
End: 2024-10-01 01:19:18.872919
Duration: 0:00:06.162589
