Start: 2024-09-16 15:19:19.682373
End: 2024-09-16 15:22:21.057029
Duration: 0:03:01.374656
