Start: 2024-09-16 15:22:21.243485
End: 2024-09-16 15:22:22.341853
Duration: 0:00:01.098368
