Total Start: 2024-09-16 14:24:59.438522
Model Start: 2024-09-16 14:24:59.438525
Start: 2024-09-16 15:19:17.128011
End: 2024-09-16 15:22:25.247792
Duration: 0:03:08.119781
