Start: 2024-09-17 03:30:36.913047
End: 2024-09-17 04:00:38.233067
Duration: 0:30:01.320020
