Start: 2024-09-17 04:00:38.444033
End: 2024-09-17 04:00:41.192653
Duration: 0:00:02.748620
