Total Start: 2024-09-16 20:39:31.187347
Model Start: 2024-09-16 20:39:32.354137
Start: 2024-09-17 03:30:32.392665
End: 2024-09-17 04:00:45.329581
Duration: 0:30:12.936916
