Total Start: 2024-09-25 15:25:53.356327
Model Start: 2024-09-25 15:25:53.356330
Start: 2024-09-25 15:29:54.215898
End: 2024-09-25 15:31:53.862938
Duration: 0:01:59.647040
