Start: 2024-09-25 15:31:51.922133
End: 2024-09-25 15:31:52.491258
Duration: 0:00:00.569125
