Start: 2024-09-25 15:29:59.714772
End: 2024-09-25 15:31:51.797680
Duration: 0:01:52.082908
