Start: 2024-09-16 17:34:41.398725
End: 2024-09-16 17:34:42.330545
Duration: 0:00:00.931820
