Start: 2024-09-16 17:30:47.135447
End: 2024-09-16 17:34:41.211529
Duration: 0:03:54.076082
