Total Start: 2024-09-16 16:34:43.241323
Model Start: 2024-09-16 16:34:44.101856
Start: 2024-09-16 17:30:46.348911
End: 2024-09-16 17:34:43.986504
Duration: 0:03:57.637593
