Start: 2024-09-24 20:21:03.562390
End: 2024-09-24 20:21:04.430670
Duration: 0:00:00.868280
