Total Start: 2024-09-24 20:01:38.534831
Model Start: 2024-09-24 20:01:38.534833
Start: 2024-09-24 20:20:01.473805
End: 2024-09-24 20:21:05.905507
Duration: 0:01:04.431702
