Start: 2024-09-24 20:20:03.267405
End: 2024-09-24 20:21:03.457617
Duration: 0:01:00.190212
