Total Start: 2024-09-17 13:19:53.105080
Model Start: 2024-09-17 13:19:53.955682
Start: 2024-09-17 18:22:00.495822
End: 2024-09-17 18:28:54.197636
Duration: 0:06:53.701814
