Start: 2024-09-17 18:22:00.496795
End: 2024-09-17 18:28:48.389614
Duration: 0:06:47.892819
