Start: 2024-09-17 18:28:48.405884
End: 2024-09-17 18:28:54.189364
Duration: 0:00:05.783480
