Start: 2024-09-16 21:32:06.305607
End: 2024-09-16 21:40:04.357294
Duration: 0:07:58.051687
