Total Start: 2024-09-16 20:39:31.187347
Model Start: 2024-09-16 20:39:32.354137
Start: 2024-09-16 21:32:04.760186
End: 2024-09-16 21:40:07.525802
Duration: 0:08:02.765616
