Start: 2024-09-16 21:40:04.924583
End: 2024-09-16 21:40:05.919117
Duration: 0:00:00.994534
