Start: 2024-09-17 12:44:47.664966
End: 2024-09-17 12:44:53.562873
Duration: 0:00:05.897907
