Total Start: 2024-09-17 12:21:52.722767
Model Start: 2024-09-17 12:21:54.358331
Start: 2024-09-17 12:39:41.282762
End: 2024-09-17 12:44:53.571115
Duration: 0:05:12.288353
