Start: 2024-09-17 12:39:41.283563
End: 2024-09-17 12:44:47.634447
Duration: 0:05:06.350884
