Start: 2024-09-16 12:08:25.344579
End: 2024-09-16 12:10:51.157216
Duration: 0:02:25.812637
