Total Start: 2024-09-16 11:24:19.487206
Model Start: 2024-09-16 11:24:19.487209
Start: 2024-09-16 12:08:22.528749
End: 2024-09-16 12:10:55.585286
Duration: 0:02:33.056537
