Start: 2024-09-16 12:10:51.318971
End: 2024-09-16 12:10:52.654179
Duration: 0:00:01.335208
