Start: 2024-09-17 11:29:50.020646
End: 2024-09-17 11:29:55.852643
Duration: 0:00:05.831997
