Start: 2024-09-17 11:24:26.637450
End: 2024-09-17 11:29:47.973431
Duration: 0:05:21.335981
