Total Start: 2024-09-17 10:45:35.781535
Model Start: 2024-09-17 10:45:36.741343
Start: 2024-09-17 11:24:26.636167
End: 2024-09-17 11:29:55.862869
Duration: 0:05:29.226702
