Start: 2024-09-25 09:42:07.924235
End: 2024-09-25 09:43:17.764121
Duration: 0:01:09.839886
