Total Start: 2024-09-25 08:44:00.597600
Model Start: 2024-09-25 08:44:00.597603
Start: 2024-09-25 09:42:05.742006
End: 2024-09-25 09:43:21.553770
Duration: 0:01:15.811764
