Start: 2024-09-25 09:43:17.871474
End: 2024-09-25 09:43:19.292235
Duration: 0:00:01.420761
