Total Start: 2024-09-27 18:22:37.725424
Model Start: 2024-09-27 18:22:37.725427
Start: 2024-09-27 18:26:24.250316
End: 2024-09-27 18:28:07.754760
Duration: 0:01:43.504444
