Start: 2024-09-27 18:28:05.580012
End: 2024-09-27 18:28:06.108596
Duration: 0:00:00.528584
