Start: 2024-09-27 18:26:28.270651
End: 2024-09-27 18:28:05.483536
Duration: 0:01:37.212885
