Start: 2024-09-24 18:34:01.181182
End: 2024-09-24 18:34:02.051210
Duration: 0:00:00.870028
