Total Start: 2024-09-24 18:14:29.729863
Model Start: 2024-09-24 18:14:29.729869
Start: 2024-09-24 18:32:57.802806
End: 2024-09-24 18:34:03.464009
Duration: 0:01:05.661203
