Start: 2024-09-24 18:33:00.943036
End: 2024-09-24 18:34:01.051743
Duration: 0:01:00.108707
