Start: 2024-09-17 14:34:15.069284
End: 2024-09-17 14:39:06.409330
Duration: 0:04:51.340046
