Start: 2024-09-17 14:39:06.428615
End: 2024-09-17 14:39:12.297702
Duration: 0:00:05.869087
