Total Start: 2024-09-17 13:19:53.105080
Model Start: 2024-09-17 13:19:53.955682
Start: 2024-09-17 14:34:15.068490
End: 2024-09-17 14:39:12.305878
Duration: 0:04:57.237388
