Start: 2024-10-01 11:44:50.792689
End: 2024-10-01 11:49:50.799840
Duration: 0:05:00.007151
