Start: 2024-10-01 11:49:50.819558
End: 2024-10-01 11:49:57.274174
Duration: 0:00:06.454616
