Total Start: 2024-10-01 10:50:07.582259
Model Start: 2024-10-01 10:50:10.817060
Start: 2024-10-01 11:44:50.791800
End: 2024-10-01 11:49:57.279842
Duration: 0:05:06.488042
