Start: 2024-09-17 16:10:51.900373
End: 2024-09-17 16:15:15.689770
Duration: 0:04:23.789397
