Start: 2024-09-17 16:15:15.715399
End: 2024-09-17 16:15:21.705218
Duration: 0:00:05.989819
