Total Start: 2024-09-17 13:19:53.105080
Model Start: 2024-09-17 13:19:53.955682
Start: 2024-09-17 16:10:51.899738
End: 2024-09-17 16:15:21.708931
Duration: 0:04:29.809193
