Total Start: 2024-09-17 10:45:35.781535
Model Start: 2024-09-17 10:45:36.741343
Start: 2024-09-17 10:50:47.531793
End: 2024-09-17 10:57:51.437964
Duration: 0:07:03.906171
