Start: 2024-09-17 10:57:45.545305
End: 2024-09-17 10:57:51.413931
Duration: 0:00:05.868626
