Start: 2024-09-17 10:50:47.532610
End: 2024-09-17 10:57:45.515013
Duration: 0:06:57.982403
