Total Start: 2024-09-17 13:19:53.105080
Model Start: 2024-09-17 13:19:53.955682
Start: 2024-09-17 13:52:20.770331
End: 2024-09-17 13:57:46.589763
Duration: 0:05:25.819432
