Start: 2024-09-17 13:52:20.773013
End: 2024-09-17 13:57:38.807763
Duration: 0:05:18.034750
