Start: 2024-09-17 13:57:40.840527
End: 2024-09-17 13:57:46.583273
Duration: 0:00:05.742746
