Total Start: 2024-09-28 15:21:13.023243
Model Start: 2024-09-28 15:21:13.023246
Start: 2024-09-28 15:28:01.104508
End: 2024-09-28 15:29:16.820780
Duration: 0:01:15.716272
