Start: 2024-09-28 15:28:02.915693
End: 2024-09-28 15:29:14.548649
Duration: 0:01:11.632956
