Start: 2024-09-28 15:29:14.868981
End: 2024-09-28 15:29:15.516156
Duration: 0:00:00.647175
