Start: 2024-09-28 00:51:17.252655
End: 2024-09-28 00:52:27.911408
Duration: 0:01:10.658753
