Start: 2024-09-28 00:52:28.021217
End: 2024-09-28 00:52:28.535644
Duration: 0:00:00.514427
