Total Start: 2024-09-28 00:48:21.204854
Model Start: 2024-09-28 00:48:21.204858
Start: 2024-09-28 00:51:15.565140
End: 2024-09-28 00:52:29.580246
Duration: 0:01:14.015106
