Total Start: 2024-09-30 17:22:02.710994
Model Start: 2024-09-30 18:22:05.212762
Start: 2024-09-30 18:41:29.487654
End: 2024-09-30 18:45:51.881248
Duration: 0:04:22.393594
