Start: 2024-09-30 18:41:35.158270
End: 2024-09-30 18:45:38.574733
Duration: 0:04:03.416463
