Start: 2024-09-30 18:45:43.313092
End: 2024-09-30 18:45:47.855243
Duration: 0:00:04.542151
