Start: 2024-09-27 17:31:46.992104
End: 2024-09-27 17:33:33.984597
Duration: 0:01:46.992493
