Total Start: 2024-09-27 17:31:40.691707
Model Start: 2024-09-27 17:31:40.691711
Start: 2024-09-27 17:31:45.084383
End: 2024-09-27 17:33:40.620784
Duration: 0:01:55.536401
