Start: 2024-09-27 17:33:34.103861
End: 2024-09-27 17:33:39.146865
Duration: 0:00:05.043004
