Start: 2024-09-25 09:39:38.599274
End: 2024-09-25 09:39:39.959904
Duration: 0:00:01.360630
