Start: 2024-09-25 09:37:46.031458
End: 2024-09-25 09:39:38.498694
Duration: 0:01:52.467236
