Total Start: 2024-09-25 08:44:00.597600
Model Start: 2024-09-25 08:44:00.597603
Start: 2024-09-25 09:37:42.815260
End: 2024-09-25 09:39:42.202173
Duration: 0:01:59.386913
