Total Start: 2024-09-24 19:38:47.551090
Model Start: 2024-09-24 19:38:47.551094
Start: 2024-09-24 19:43:32.349832
End: 2024-09-24 19:44:12.820264
Duration: 0:00:40.470432
