Start: 2024-09-24 19:43:34.896508
End: 2024-09-24 19:44:11.044673
Duration: 0:00:36.148165
