Start: 2024-09-24 19:44:11.148076
End: 2024-09-24 19:44:11.715013
Duration: 0:00:00.566937
