Start: 2024-09-30 20:33:48.545491
End: 2024-09-30 20:33:51.268150
Duration: 0:00:02.722659
