Total Start: 2024-09-30 19:19:45.230615
Model Start: 2024-09-30 20:10:30.470989
Start: 2024-09-30 20:23:34.508235
End: 2024-09-30 20:33:53.488606
Duration: 0:10:18.980371
