Start: 2024-09-30 20:23:38.168228
End: 2024-09-30 20:33:47.675208
Duration: 0:10:09.506980
