Start: 2024-09-17 13:01:33.935271
End: 2024-09-17 13:07:06.378515
Duration: 0:05:32.443244
