Total Start: 2024-09-17 12:21:52.722767
Model Start: 2024-09-17 12:21:54.358331
Start: 2024-09-17 13:01:33.933942
End: 2024-09-17 13:07:16.269634
Duration: 0:05:42.335692
