Start: 2024-09-17 13:07:10.393994
End: 2024-09-17 13:07:16.261456
Duration: 0:00:05.867462
