Start: 2024-09-16 12:58:09.389803
End: 2024-09-16 13:00:42.316660
Duration: 0:02:32.926857
