Start: 2024-09-16 13:00:42.450247
End: 2024-09-16 13:00:43.558297
Duration: 0:00:01.108050
