Total Start: 2024-09-16 12:27:19.575562
Model Start: 2024-09-16 12:27:19.575564
Start: 2024-09-16 12:58:07.795889
End: 2024-09-16 13:00:46.257746
Duration: 0:02:38.461857
