Start: 2024-09-16 20:09:36.455426
End: 2024-09-16 20:17:34.661232
Duration: 0:07:58.205806
