Total Start: 2024-09-16 16:34:43.241323
Model Start: 2024-09-16 16:34:44.101856
Start: 2024-09-16 20:09:33.225421
End: 2024-09-16 20:17:40.852304
Duration: 0:08:07.626883
