Start: 2024-09-16 20:17:35.184495
End: 2024-09-16 20:17:37.241040
Duration: 0:00:02.056545
