Start: 2024-10-01 01:42:11.116814
End: 2024-10-01 01:44:07.333507
Duration: 0:01:56.216693
