Start: 2024-10-01 01:44:08.398488
End: 2024-10-01 01:44:13.354691
Duration: 0:00:04.956203
