Total Start: 2024-10-01 01:06:13.514252
Model Start: 2024-10-01 01:06:15.196214
Start: 2024-10-01 01:42:09.211004
End: 2024-10-01 01:44:17.905615
Duration: 0:02:08.694611
