Total Start: 2024-09-17 13:19:53.105080
Model Start: 2024-09-17 13:19:53.955682
Start: 2024-09-17 19:06:49.331538
End: 2024-09-17 19:13:36.034655
Duration: 0:06:46.703117
