Start: 2024-09-17 19:06:49.332483
End: 2024-09-17 19:13:30.148149
Duration: 0:06:40.815666
