Start: 2024-09-17 19:13:30.171242
End: 2024-09-17 19:13:36.027856
Duration: 0:00:05.856614
