Start: 2024-10-01 11:55:15.283431
End: 2024-10-01 11:55:21.592518
Duration: 0:00:06.309087
