Start: 2024-10-01 11:49:57.287804
End: 2024-10-01 11:55:15.244083
Duration: 0:05:17.956279
