Total Start: 2024-10-01 10:50:07.582259
Model Start: 2024-10-01 10:50:10.817060
Start: 2024-10-01 11:49:57.286991
End: 2024-10-01 11:55:21.600703
Duration: 0:05:24.313712
