Total Start: 2024-09-16 16:34:43.241323
Model Start: 2024-09-16 16:34:44.101856
Start: 2024-09-16 18:56:11.923979
End: 2024-09-16 19:05:07.579220
Duration: 0:08:55.655241
