Start: 2024-09-16 18:56:13.527545
End: 2024-09-16 19:04:08.906799
Duration: 0:07:55.379254
