Start: 2024-09-16 19:04:09.109486
End: 2024-09-16 19:05:04.238140
Duration: 0:00:55.128654
