Start: 2024-10-01 01:55:25.683150
End: 2024-10-01 01:58:38.997631
Duration: 0:03:13.314481
