Start: 2024-10-01 01:58:39.727083
End: 2024-10-01 01:58:43.887952
Duration: 0:00:04.160869
