Total Start: 2024-10-01 01:06:13.514252
Model Start: 2024-10-01 01:44:17.934168
Start: 2024-10-01 01:55:24.347051
End: 2024-10-01 01:58:48.035446
Duration: 0:03:23.688395
