Start: 2024-09-17 11:47:34.002044
End: 2024-09-17 11:52:33.409619
Duration: 0:04:59.407575
