Total Start: 2024-09-17 11:36:44.841026
Model Start: 2024-09-17 11:36:45.713764
Start: 2024-09-17 11:47:34.000557
End: 2024-09-17 11:52:39.270885
Duration: 0:05:05.270328
