Start: 2024-09-17 11:52:33.426917
End: 2024-09-17 11:52:39.262663
Duration: 0:00:05.835746
