Total Start: 2024-09-17 13:19:53.105080
Model Start: 2024-09-17 13:19:53.955682
Start: 2024-09-17 17:13:50.004387
End: 2024-09-17 17:18:06.867837
Duration: 0:04:16.863450
