Start: 2024-09-17 17:18:01.247287
End: 2024-09-17 17:18:06.852467
Duration: 0:00:05.605180
