Start: 2024-09-17 17:13:50.006150
End: 2024-09-17 17:18:01.171522
Duration: 0:04:11.165372
