Total Start: 2024-09-17 12:21:52.722767
Model Start: 2024-09-17 12:21:54.358331
Start: 2024-09-17 12:33:59.602266
End: 2024-09-17 12:39:39.086627
Duration: 0:05:39.484361
