Start: 2024-09-17 12:39:32.326698
End: 2024-09-17 12:39:39.079901
Duration: 0:00:06.753203
