Start: 2024-09-17 12:33:59.604813
End: 2024-09-17 12:39:30.196339
Duration: 0:05:30.591526
