Start: 2024-09-17 12:50:16.530639
End: 2024-09-17 12:56:04.989555
Duration: 0:05:48.458916
