Start: 2024-09-17 12:56:13.012055
End: 2024-09-17 12:56:18.808122
Duration: 0:00:05.796067
