Total Start: 2024-09-17 12:21:52.722767
Model Start: 2024-09-17 12:21:54.358331
Start: 2024-09-17 12:50:16.528440
End: 2024-09-17 12:56:18.814841
Duration: 0:06:02.286401
