Start: 2024-09-25 08:54:50.171443
End: 2024-09-25 08:54:50.786598
Duration: 0:00:00.615155
