Start: 2024-09-25 08:52:58.044718
End: 2024-09-25 08:54:50.061647
Duration: 0:01:52.016929
