Start: 2024-09-27 18:24:42.372594
End: 2024-09-27 18:26:18.216743
Duration: 0:01:35.844149
