Total Start: 2024-09-27 18:22:37.725424
Model Start: 2024-09-27 18:22:37.725427
Start: 2024-09-27 18:24:40.868301
End: 2024-09-27 18:26:20.220374
Duration: 0:01:39.352073
