Start: 2024-09-27 18:26:18.322101
End: 2024-09-27 18:26:18.818956
Duration: 0:00:00.496855
