Start: 2024-09-27 17:46:16.986448
End: 2024-09-27 17:47:51.287998
Duration: 0:01:34.301550
