Start: 2024-09-27 17:47:51.392806
End: 2024-09-27 17:47:52.086236
Duration: 0:00:00.693430
