Total Start: 2024-09-27 17:31:40.691707
Model Start: 2024-09-27 17:31:40.691711
Start: 2024-09-27 17:46:15.419211
End: 2024-09-27 17:47:53.639959
Duration: 0:01:38.220748
