Start: 2024-09-17 13:57:48.688180
End: 2024-09-17 14:03:47.539154
Duration: 0:05:58.850974
