Total Start: 2024-09-17 13:19:53.105080
Model Start: 2024-09-17 13:19:53.955682
Start: 2024-09-17 13:57:48.686878
End: 2024-09-17 14:03:59.209833
Duration: 0:06:10.522955
