Start: 2024-09-17 14:03:53.554783
End: 2024-09-17 14:03:59.201117
Duration: 0:00:05.646334
