Total Start: 2024-09-22 01:33:19.808510
Model Start: 2024-09-22 01:33:19.808513
Start: 2024-09-22 01:41:47.147292
End: 2024-09-22 01:42:26.335238
Duration: 0:00:39.187946
