Start: 2024-09-22 01:42:24.552520
End: 2024-09-22 01:42:25.185958
Duration: 0:00:00.633438
