Start: 2024-09-22 01:41:47.971768
End: 2024-09-22 01:42:24.451482
Duration: 0:00:36.479714
