Start: 2024-09-25 19:17:47.972607
End: 2024-09-25 19:17:48.467651
Duration: 0:00:00.495044
