Start: 2024-09-25 19:16:19.914881
End: 2024-09-25 19:17:47.859626
Duration: 0:01:27.944745
