Total Start: 2024-09-25 19:15:11.008655
Model Start: 2024-09-25 19:15:11.008660
Start: 2024-09-25 19:16:18.993689
End: 2024-09-25 19:17:49.457389
Duration: 0:01:30.463700
