Start: 2024-09-25 08:52:49.485440
End: 2024-09-25 08:52:50.068292
Duration: 0:00:00.582852
