Total Start: 2024-09-25 08:44:00.597600
Model Start: 2024-09-25 08:44:00.597603
Start: 2024-09-25 08:51:35.999615
End: 2024-09-25 08:52:51.463715
Duration: 0:01:15.464100
