Start: 2024-09-25 08:51:39.043213
End: 2024-09-25 08:52:49.350120
Duration: 0:01:10.306907
