Total Start: 2024-09-16 14:24:59.438522
Model Start: 2024-09-16 14:24:59.438525
Start: 2024-09-16 14:34:16.133037
End: 2024-09-16 14:38:03.499489
Duration: 0:03:47.366452
