Start: 2024-09-16 14:34:17.743276
End: 2024-09-16 14:38:00.440345
Duration: 0:03:42.697069
