Start: 2024-09-16 14:38:00.747808
End: 2024-09-16 14:38:01.460484
Duration: 0:00:00.712676
