Start: 2024-09-28 00:11:06.416777
End: 2024-09-28 00:11:07.148418
Duration: 0:00:00.731641
