Start: 2024-09-28 00:09:27.001217
End: 2024-09-28 00:11:06.312632
Duration: 0:01:39.311415
