Total Start: 2024-09-28 00:00:43.443002
Model Start: 2024-09-28 00:00:43.443006
Start: 2024-09-28 00:09:25.291814
End: 2024-09-28 00:11:08.739650
Duration: 0:01:43.447836
