Start: 2024-09-28 00:49:51.356155
End: 2024-09-28 00:49:55.477122
Duration: 0:00:04.120967
