Total Start: 2024-09-28 00:48:21.204854
Model Start: 2024-09-28 00:48:21.204858
Start: 2024-09-28 00:48:25.349238
End: 2024-09-28 00:49:56.659870
Duration: 0:01:31.310632
