Start: 2024-09-28 00:48:27.165385
End: 2024-09-28 00:49:51.256992
Duration: 0:01:24.091607
