Start: 2024-09-25 09:18:08.129447
End: 2024-09-25 09:19:25.932247
Duration: 0:01:17.802800
