Total Start: 2024-09-25 08:44:00.597600
Model Start: 2024-09-25 08:44:00.597603
Start: 2024-09-25 09:18:04.212283
End: 2024-09-25 09:19:28.845312
Duration: 0:01:24.633029
