Start: 2024-09-25 09:19:26.028055
End: 2024-09-25 09:19:27.133888
Duration: 0:00:01.105833
