Total Start: 2024-09-28 04:13:17.832768
Model Start: 2024-09-28 04:13:17.832771
Start: 2024-09-28 04:44:20.598218
End: 2024-09-28 04:45:32.257801
Duration: 0:01:11.659583
