Start: 2024-09-28 04:44:22.661520
End: 2024-09-28 04:45:29.307749
Duration: 0:01:06.646229
