Start: 2024-09-28 04:45:29.557748
End: 2024-09-28 04:45:30.630240
Duration: 0:00:01.072492
