Start: 2024-09-22 16:33:58.582090
End: 2024-09-22 16:35:17.395768
Duration: 0:01:18.813678
