Start: 2024-09-22 16:35:17.714954
End: 2024-09-22 16:35:23.564358
Duration: 0:00:05.849404
