Total Start: 2024-09-22 16:33:54.458186
Model Start: 2024-09-22 16:33:54.458189
Start: 2024-09-22 16:33:57.633802
End: 2024-09-22 16:35:25.239681
Duration: 0:01:27.605879
