Total Start: 2024-09-30 17:22:02.710994
Model Start: 2024-09-30 18:22:05.212762
Start: 2024-09-30 19:03:33.748705
End: 2024-09-30 19:07:43.818509
Duration: 0:04:10.069804
