Start: 2024-09-30 19:03:41.600565
End: 2024-09-30 19:07:28.033323
Duration: 0:03:46.432758
