Start: 2024-09-30 19:07:32.826130
End: 2024-09-30 19:07:38.786151
Duration: 0:00:05.960021
