Start: 2024-09-17 16:24:39.934935
End: 2024-09-17 16:29:40.837941
Duration: 0:05:00.903006
