Start: 2024-09-17 16:29:40.851212
End: 2024-09-17 16:29:46.250639
Duration: 0:00:05.399427
