Total Start: 2024-09-17 13:19:53.105080
Model Start: 2024-09-17 13:19:53.955682
Start: 2024-09-17 16:24:39.934008
End: 2024-09-17 16:29:46.262077
Duration: 0:05:06.328069
