Start: 2024-09-16 13:12:44.074365
End: 2024-09-16 13:14:56.952348
Duration: 0:02:12.877983
