Total Start: 2024-09-16 13:03:38.274023
Model Start: 2024-09-16 13:03:38.274026
Start: 2024-09-16 13:12:40.871615
End: 2024-09-16 13:14:59.598829
Duration: 0:02:18.727214
