Start: 2024-09-16 13:14:57.114972
End: 2024-09-16 13:14:57.759585
Duration: 0:00:00.644613
