Start: 2024-09-16 17:52:47.401736
End: 2024-09-16 17:58:50.081747
Duration: 0:06:02.680011
