Total Start: 2024-09-16 16:34:43.241323
Model Start: 2024-09-16 16:34:44.101856
Start: 2024-09-16 17:52:45.169576
End: 2024-09-16 17:58:53.856928
Duration: 0:06:08.687352
