Start: 2024-09-16 17:58:50.290625
End: 2024-09-16 17:58:51.420291
Duration: 0:00:01.129666
