Total Start: 2024-09-22 01:33:19.808510
Model Start: 2024-09-22 01:33:19.808513
Start: 2024-09-22 01:44:32.302618
End: 2024-09-22 01:46:01.830408
Duration: 0:01:29.527790
