Start: 2024-09-22 01:45:59.468069
End: 2024-09-22 01:46:00.232743
Duration: 0:00:00.764674
