Start: 2024-09-22 01:44:33.798226
End: 2024-09-22 01:45:59.367251
Duration: 0:01:25.569025
