Start: 2024-09-24 18:54:26.962604
End: 2024-09-24 18:55:03.999128
Duration: 0:00:37.036524
