Start: 2024-09-24 18:55:04.085210
End: 2024-09-24 18:55:05.394247
Duration: 0:00:01.309037
