Total Start: 2024-09-24 18:14:29.729863
Model Start: 2024-09-24 18:14:29.729869
Start: 2024-09-24 18:54:23.643826
End: 2024-09-24 18:55:07.214083
Duration: 0:00:43.570257
