Start: 2024-09-16 15:05:12.892270
End: 2024-09-16 15:07:08.423718
Duration: 0:01:55.531448
