Start: 2024-09-16 15:07:08.543358
End: 2024-09-16 15:07:09.414857
Duration: 0:00:00.871499
