Total Start: 2024-09-16 14:24:59.438522
Model Start: 2024-09-16 14:24:59.438525
Start: 2024-09-16 15:05:11.909198
End: 2024-09-16 15:07:11.843720
Duration: 0:01:59.934522
