Total Start: 2024-10-01 10:50:07.582259
Model Start: 2024-10-01 10:50:10.817060
Start: 2024-10-01 12:18:16.566718
End: 2024-10-01 12:23:35.352481
Duration: 0:05:18.785763
