Start: 2024-10-01 12:18:16.567469
End: 2024-10-01 12:23:26.972634
Duration: 0:05:10.405165
