Start: 2024-10-01 12:23:28.994832
End: 2024-10-01 12:23:35.344766
Duration: 0:00:06.349934
