Start: 2024-09-30 11:01:45.932570
End: 2024-09-30 11:05:04.767051
Duration: 0:03:18.834481
