Total Start: 2024-09-30 10:27:40.601156
Model Start: 2024-09-30 10:27:40.601160
Start: 2024-09-30 11:01:42.423144
End: 2024-09-30 11:05:07.764133
Duration: 0:03:25.340989
