Start: 2024-09-30 11:05:05.297285
End: 2024-09-30 11:05:06.182651
Duration: 0:00:00.885366
