Total Start: 2024-09-17 10:45:35.781535
Model Start: 2024-09-17 10:45:36.741343
Start: 2024-09-17 10:57:53.637637
End: 2024-09-17 11:03:41.237889
Duration: 0:05:47.600252
