Start: 2024-09-17 11:03:35.100625
End: 2024-09-17 11:03:41.215294
Duration: 0:00:06.114669
