Start: 2024-09-17 10:57:53.638333
End: 2024-09-17 11:03:31.077291
Duration: 0:05:37.438958
