Total Start: 2024-09-16 16:34:43.241323
Model Start: 2024-09-16 16:34:44.101856
Start: 2024-09-16 18:37:50.240281
End: 2024-09-16 18:47:03.691053
Duration: 0:09:13.450772
