Start: 2024-09-16 18:37:51.648578
End: 2024-09-16 18:46:59.731751
Duration: 0:09:08.083173
