Start: 2024-09-16 18:46:59.929630
End: 2024-09-16 18:47:01.425192
Duration: 0:00:01.495562
