Start: 2024-09-30 10:49:41.540170
End: 2024-09-30 10:49:42.286980
Duration: 0:00:00.746810
