Start: 2024-09-30 10:45:26.565654
End: 2024-09-30 10:49:41.239256
Duration: 0:04:14.673602
