Total Start: 2024-09-30 10:27:40.601156
Model Start: 2024-09-30 10:27:40.601160
Start: 2024-09-30 10:45:21.830972
End: 2024-09-30 10:49:43.501235
Duration: 0:04:21.670263
