Start: 2024-09-24 23:33:53.452830
End: 2024-09-24 23:34:00.567500
Duration: 0:00:07.114670
