Start: 2024-09-24 23:32:55.751080
End: 2024-09-24 23:33:53.346550
Duration: 0:00:57.595470
