Total Start: 2024-09-24 23:30:29.208445
Model Start: 2024-09-24 23:30:29.208449
Start: 2024-09-24 23:32:53.755344
End: 2024-09-24 23:34:02.004743
Duration: 0:01:08.249399
