Start: 2024-09-24 20:24:27.714394
End: 2024-09-24 20:25:27.878232
Duration: 0:01:00.163838
