Start: 2024-09-24 20:25:27.986481
End: 2024-09-24 20:25:28.957512
Duration: 0:00:00.971031
