Total Start: 2024-09-24 20:01:38.534831
Model Start: 2024-09-24 20:01:38.534833
Start: 2024-09-24 20:24:25.796931
End: 2024-09-24 20:25:30.492914
Duration: 0:01:04.695983
