Total Start: 2024-09-24 18:14:29.729863
Model Start: 2024-09-24 18:14:29.729869
Start: 2024-09-24 18:45:29.430041
End: 2024-09-24 18:46:10.254713
Duration: 0:00:40.824672
