Start: 2024-09-24 18:46:07.470920
End: 2024-09-24 18:46:08.596146
Duration: 0:00:01.125226
