Start: 2024-09-24 18:45:30.777808
End: 2024-09-24 18:46:07.374503
Duration: 0:00:36.596695
