Total Start: 2024-09-24 20:01:38.534831
Model Start: 2024-09-24 20:01:38.534833
Start: 2024-09-24 20:26:32.522957
End: 2024-09-24 20:28:04.464580
Duration: 0:01:31.941623
