Start: 2024-09-24 20:26:36.113252
End: 2024-09-24 20:28:01.362077
Duration: 0:01:25.248825
