Start: 2024-09-24 20:28:01.460080
End: 2024-09-24 20:28:02.478947
Duration: 0:00:01.018867
