Start: 2024-09-30 19:13:48.260415
End: 2024-09-30 19:18:39.065695
Duration: 0:04:50.805280
