Start: 2024-09-30 19:18:42.334168
End: 2024-09-30 19:18:49.012534
Duration: 0:00:06.678366
