Total Start: 2024-09-30 17:22:02.710994
Model Start: 2024-09-30 18:22:05.212762
Start: 2024-09-30 19:13:38.691400
End: 2024-09-30 19:18:55.143809
Duration: 0:05:16.452409
