Total Start: 2024-09-16 13:03:38.274023
Model Start: 2024-09-16 13:03:38.274026
Start: 2024-09-16 13:19:24.558500
End: 2024-09-16 13:21:28.110045
Duration: 0:02:03.551545
