Start: 2024-09-16 13:19:27.009883
End: 2024-09-16 13:21:24.742281
Duration: 0:01:57.732398
