Start: 2024-09-16 13:21:24.862272
End: 2024-09-16 13:21:25.611313
Duration: 0:00:00.749041
