Total Start: 2024-09-25 22:08:11.346476
Model Start: 2024-09-25 22:08:11.346479
Start: 2024-09-25 22:08:14.562225
End: 2024-09-25 22:09:20.307389
Duration: 0:01:05.745164
