Start: 2024-09-25 22:09:13.066748
End: 2024-09-25 22:09:19.043493
Duration: 0:00:05.976745
