Start: 2024-09-25 22:08:15.340163
End: 2024-09-25 22:09:12.963892
Duration: 0:00:57.623729
