Start: 2024-09-28 01:17:05.055083
End: 2024-09-28 01:17:05.944611
Duration: 0:00:00.889528
