Total Start: 2024-09-28 00:48:21.204854
Model Start: 2024-09-28 00:48:21.204858
Start: 2024-09-28 01:15:53.642464
End: 2024-09-28 01:17:07.348840
Duration: 0:01:13.706376
