Start: 2024-09-28 01:15:56.446546
End: 2024-09-28 01:17:04.962263
Duration: 0:01:08.515717
