Start: 2024-10-01 01:21:20.279089
End: 2024-10-01 01:21:23.407243
Duration: 0:00:03.128154
