Total Start: 2024-10-01 01:06:13.514252
Model Start: 2024-10-01 01:06:15.196214
Start: 2024-10-01 01:19:21.233470
End: 2024-10-01 01:21:26.439564
Duration: 0:02:05.206094
