Start: 2024-10-01 01:19:23.080913
End: 2024-10-01 01:21:18.251698
Duration: 0:01:55.170785
