Total Start: 2024-09-16 14:24:59.438522
Model Start: 2024-09-16 14:24:59.438525
Start: 2024-09-16 14:55:31.546338
End: 2024-09-16 15:00:18.754768
Duration: 0:04:47.208430
