Start: 2024-09-16 15:00:15.001151
End: 2024-09-16 15:00:15.904360
Duration: 0:00:00.903209
