Start: 2024-09-16 14:55:33.206672
End: 2024-09-16 15:00:14.714243
Duration: 0:04:41.507571
