Start: 2024-09-25 09:26:28.131030
End: 2024-09-25 09:28:20.298266
Duration: 0:01:52.167236
