Total Start: 2024-09-25 08:44:00.597600
Model Start: 2024-09-25 08:44:00.597603
Start: 2024-09-25 09:26:24.883934
End: 2024-09-25 09:28:23.619641
Duration: 0:01:58.735707
