Start: 2024-09-25 09:28:20.401606
End: 2024-09-25 09:28:21.576678
Duration: 0:00:01.175072
