Start: 2024-09-25 19:27:38.746985
End: 2024-09-25 19:28:59.213961
Duration: 0:01:20.466976
