Total Start: 2024-09-25 19:15:11.008655
Model Start: 2024-09-25 19:15:11.008660
Start: 2024-09-25 19:27:37.039261
End: 2024-09-25 19:29:01.286469
Duration: 0:01:24.247208
