Start: 2024-09-25 19:28:59.320796
End: 2024-09-25 19:29:00.015683
Duration: 0:00:00.694887
