Start: 2024-09-25 08:45:41.372493
End: 2024-09-25 08:45:46.721795
Duration: 0:00:05.349302
