Start: 2024-09-25 08:44:04.934676
End: 2024-09-25 08:45:41.273873
Duration: 0:01:36.339197
