Total Start: 2024-09-24 18:14:29.729863
Model Start: 2024-09-24 18:14:29.729869
Start: 2024-09-24 18:48:22.209593
End: 2024-09-24 18:49:54.090945
Duration: 0:01:31.881352
