Start: 2024-09-24 18:49:50.692399
End: 2024-09-24 18:49:51.976871
Duration: 0:00:01.284472
