Start: 2024-09-24 18:48:24.775603
End: 2024-09-24 18:49:50.339509
Duration: 0:01:25.563906
