Total Start: 2024-09-25 08:44:00.597600
Model Start: 2024-09-25 08:44:00.597603
Start: 2024-09-25 09:22:48.391031
End: 2024-09-25 09:23:39.475510
Duration: 0:00:51.084479
