Start: 2024-09-25 09:23:36.690395
End: 2024-09-25 09:23:37.805792
Duration: 0:00:01.115397
