Start: 2024-09-25 09:22:50.071054
End: 2024-09-25 09:23:36.578278
Duration: 0:00:46.507224
