Start: 2024-09-17 14:43:07.807515
End: 2024-09-17 14:46:40.340330
Duration: 0:03:32.532815
