Start: 2024-09-17 14:46:40.618538
End: 2024-09-17 14:46:46.374919
Duration: 0:00:05.756381
