Total Start: 2024-09-17 13:19:53.105080
Model Start: 2024-09-17 13:19:53.955682
Start: 2024-09-17 14:43:07.806542
End: 2024-09-17 14:46:46.383847
Duration: 0:03:38.577305
