Start: 2024-09-30 17:36:52.086296
End: 2024-09-30 17:41:50.393123
Duration: 0:04:58.306827
