Start: 2024-09-30 17:41:51.149814
End: 2024-09-30 17:42:04.145740
Duration: 0:00:12.995926
