Total Start: 2024-09-30 17:22:02.710994
Model Start: 2024-09-30 17:22:02.710999
Start: 2024-09-30 17:36:41.767361
End: 2024-09-30 17:42:05.812162
Duration: 0:05:24.044801
