Start: 2024-09-17 00:03:33.650923
End: 2024-09-17 00:03:35.544381
Duration: 0:00:01.893458
