Start: 2024-09-16 23:57:12.387039
End: 2024-09-17 00:03:33.457153
Duration: 0:06:21.070114
