Total Start: 2024-09-16 20:39:31.187347
Model Start: 2024-09-16 20:39:32.354137
Start: 2024-09-16 23:57:10.906695
End: 2024-09-17 00:03:38.113174
Duration: 0:06:27.206479
