Total Start: 2024-09-25 15:25:53.356327
Model Start: 2024-09-25 15:25:53.356330
Start: 2024-09-25 15:38:24.818783
End: 2024-09-25 15:39:50.524767
Duration: 0:01:25.705984
