Start: 2024-09-25 15:39:48.555579
End: 2024-09-25 15:39:49.258245
Duration: 0:00:00.702666
