Start: 2024-09-25 15:38:28.501599
End: 2024-09-25 15:39:48.443707
Duration: 0:01:19.942108
