Start: 2024-09-28 00:03:40.778987
End: 2024-09-28 00:05:20.470251
Duration: 0:01:39.691264
