Total Start: 2024-09-28 00:00:43.443002
Model Start: 2024-09-28 00:00:43.443006
Start: 2024-09-28 00:03:38.486462
End: 2024-09-28 00:05:27.565291
Duration: 0:01:49.078829
