Start: 2024-09-28 00:05:20.669844
End: 2024-09-28 00:05:26.066667
Duration: 0:00:05.396823
