Start: 2024-09-16 14:22:06.245495
End: 2024-09-16 14:24:44.062989
Duration: 0:02:37.817494
