Start: 2024-09-16 14:24:44.220601
End: 2024-09-16 14:24:45.847355
Duration: 0:00:01.626754
