Total Start: 2024-09-16 13:03:38.274023
Model Start: 2024-09-16 13:03:38.274026
Start: 2024-09-16 14:22:04.634672
End: 2024-09-16 14:24:48.390227
Duration: 0:02:43.755555
