Start: 2024-09-17 01:20:08.974545
End: 2024-09-17 01:20:10.984378
Duration: 0:00:02.009833
