Start: 2024-09-17 01:04:07.261820
End: 2024-09-17 01:20:08.771981
Duration: 0:16:01.510161
