Total Start: 2024-09-16 20:39:31.187347
Model Start: 2024-09-16 20:39:32.354137
Start: 2024-09-17 01:04:03.180700
End: 2024-09-17 01:20:14.161870
Duration: 0:16:10.981170
