Start: 2024-09-16 18:32:39.551088
End: 2024-09-16 18:37:44.088128
Duration: 0:05:04.537040
