Start: 2024-09-16 18:37:44.309205
End: 2024-09-16 18:37:45.564928
Duration: 0:00:01.255723
