Total Start: 2024-09-16 16:34:43.241323
Model Start: 2024-09-16 16:34:44.101856
Start: 2024-09-16 18:32:38.642431
End: 2024-09-16 18:37:47.819293
Duration: 0:05:09.176862
