Start: 2024-10-01 12:12:38.265025
End: 2024-10-01 12:12:44.949015
Duration: 0:00:06.683990
