Start: 2024-10-01 12:06:33.491555
End: 2024-10-01 12:12:32.241113
Duration: 0:05:58.749558
