Total Start: 2024-10-01 10:50:07.582259
Model Start: 2024-10-01 10:50:10.817060
Start: 2024-10-01 12:06:33.490877
End: 2024-10-01 12:12:44.958205
Duration: 0:06:11.467328
