Start: 2024-09-25 15:35:36.470462
End: 2024-09-25 15:37:28.484217
Duration: 0:01:52.013755
