Start: 2024-09-25 15:37:28.720800
End: 2024-09-25 15:37:29.391856
Duration: 0:00:00.671056
