Total Start: 2024-09-25 15:25:53.356327
Model Start: 2024-09-25 15:25:53.356330
Start: 2024-09-25 15:35:31.790647
End: 2024-09-25 15:37:31.000407
Duration: 0:01:59.209760
