Total Start: 2024-09-30 17:22:02.710994
Model Start: 2024-09-30 17:22:02.710999
Start: 2024-09-30 18:11:49.518881
End: 2024-09-30 18:16:21.945856
Duration: 0:04:32.426975
