Start: 2024-09-30 18:11:55.651445
End: 2024-09-30 18:16:17.470510
Duration: 0:04:21.819065
