Start: 2024-09-30 18:16:17.872884
End: 2024-09-30 18:16:19.718537
Duration: 0:00:01.845653
