Total Start: 2024-09-25 11:49:29.344034
Model Start: 2024-09-25 11:49:29.344037
Start: 2024-09-25 12:03:48.430880
End: 2024-09-25 12:05:02.740062
Duration: 0:01:14.309182
