Start: 2024-09-25 12:05:00.410111
End: 2024-09-25 12:05:01.147649
Duration: 0:00:00.737538
