Start: 2024-09-25 12:03:49.401463
End: 2024-09-25 12:05:00.290996
Duration: 0:01:10.889533
