Start: 2024-09-25 14:33:14.038217
End: 2024-09-25 14:33:14.623630
Duration: 0:00:00.585413
