Start: 2024-09-25 14:31:18.609970
End: 2024-09-25 14:33:13.931028
Duration: 0:01:55.321058
