Total Start: 2024-09-25 14:27:09.423176
Model Start: 2024-09-25 14:27:09.423178
Start: 2024-09-25 14:31:17.372054
End: 2024-09-25 14:33:16.147834
Duration: 0:01:58.775780
