Start: 2024-09-28 04:49:24.428782
End: 2024-09-28 04:50:59.148853
Duration: 0:01:34.720071
