Start: 2024-09-28 04:50:59.258588
End: 2024-09-28 04:51:00.375785
Duration: 0:00:01.117197
