Total Start: 2024-09-28 04:13:17.832768
Model Start: 2024-09-28 04:13:17.832771
Start: 2024-09-28 04:49:21.355080
End: 2024-09-28 04:51:02.486501
Duration: 0:01:41.131421
