Start: 2024-09-24 18:51:49.301698
End: 2024-09-24 18:52:43.935531
Duration: 0:00:54.633833
