Start: 2024-09-24 18:52:44.200599
End: 2024-09-24 18:52:45.485190
Duration: 0:00:01.284591
