Total Start: 2024-09-24 18:14:29.729863
Model Start: 2024-09-24 18:14:29.729869
Start: 2024-09-24 18:51:47.472663
End: 2024-09-24 18:52:47.636820
Duration: 0:01:00.164157
