Total Start: 2024-09-16 12:27:19.575562
Model Start: 2024-09-16 12:27:19.575564
Start: 2024-09-16 12:37:20.328273
End: 2024-09-16 12:38:00.832223
Duration: 0:00:40.503950
