Start: 2024-09-16 12:37:58.727543
End: 2024-09-16 12:37:59.433175
Duration: 0:00:00.705632
