Start: 2024-09-16 12:37:21.087121
End: 2024-09-16 12:37:58.602934
Duration: 0:00:37.515813
