Total Start: 2024-09-30 17:22:02.710994
Model Start: 2024-09-30 18:22:05.212762
Start: 2024-09-30 18:59:27.576672
End: 2024-09-30 19:03:33.725905
Duration: 0:04:06.149233
