Start: 2024-09-30 19:03:23.010146
End: 2024-09-30 19:03:28.837477
Duration: 0:00:05.827331
