Start: 2024-09-30 18:59:36.456881
End: 2024-09-30 19:03:18.695744
Duration: 0:03:42.238863
