Total Start: 2024-09-28 04:13:17.832768
Model Start: 2024-09-28 04:13:17.832771
Start: 2024-09-28 04:52:49.795437
End: 2024-09-28 04:54:32.242044
Duration: 0:01:42.446607
