Start: 2024-09-28 04:52:52.272604
End: 2024-09-28 04:54:29.092611
Duration: 0:01:36.820007
