Start: 2024-09-28 04:54:29.214786
End: 2024-09-28 04:54:30.291403
Duration: 0:00:01.076617
