Total Start: 2024-09-16 13:03:38.274023
Model Start: 2024-09-16 13:03:38.274026
Start: 2024-09-16 13:11:16.665023
End: 2024-09-16 13:12:38.560589
Duration: 0:01:21.895566
