Start: 2024-09-16 13:11:17.509956
End: 2024-09-16 13:12:36.031956
Duration: 0:01:18.522000
