Start: 2024-09-16 13:12:36.148203
End: 2024-09-16 13:12:36.770500
Duration: 0:00:00.622297
