Total Start: 2024-09-16 13:03:38.274023
Model Start: 2024-09-16 13:03:38.274026
Start: 2024-09-16 13:42:15.814173
End: 2024-09-16 13:43:14.640777
Duration: 0:00:58.826604
