Start: 2024-09-16 13:43:12.030857
End: 2024-09-16 13:43:13.065239
Duration: 0:00:01.034382
