Start: 2024-09-16 13:42:16.519947
End: 2024-09-16 13:43:11.907206
Duration: 0:00:55.387259
