Start: 2024-09-16 14:21:58.484725
End: 2024-09-16 14:21:59.944082
Duration: 0:00:01.459357
