Total Start: 2024-09-16 13:03:38.274023
Model Start: 2024-09-16 13:03:38.274026
Start: 2024-09-16 14:19:18.368761
End: 2024-09-16 14:22:02.559471
Duration: 0:02:44.190710
