Start: 2024-09-16 14:19:20.487045
End: 2024-09-16 14:21:58.351983
Duration: 0:02:37.864938
