Total Start: 2024-09-17 13:19:53.105080
Model Start: 2024-09-17 13:19:53.955682
Start: 2024-09-17 13:30:06.759136
End: 2024-09-17 13:35:30.257974
Duration: 0:05:23.498838
