Start: 2024-09-17 13:30:06.767159
End: 2024-09-17 13:35:20.757159
Duration: 0:05:13.990000
