Start: 2024-09-17 13:35:24.770516
End: 2024-09-17 13:35:30.248851
Duration: 0:00:05.478335
