Start: 2024-09-17 17:37:55.339311
End: 2024-09-17 17:38:01.156222
Duration: 0:00:05.816911
