Start: 2024-09-17 17:33:22.318571
End: 2024-09-17 17:37:55.307989
Duration: 0:04:32.989418
