Total Start: 2024-09-17 13:19:53.105080
Model Start: 2024-09-17 13:19:53.955682
Start: 2024-09-17 17:33:22.316887
End: 2024-09-17 17:38:01.174006
Duration: 0:04:38.857119
