Start: 2024-09-17 15:32:43.359608
End: 2024-09-17 15:37:02.431288
Duration: 0:04:19.071680
