Start: 2024-09-17 15:37:02.440964
End: 2024-09-17 15:37:08.909321
Duration: 0:00:06.468357
