Total Start: 2024-09-17 13:19:53.105080
Model Start: 2024-09-17 13:19:53.955682
Start: 2024-09-17 15:32:43.358898
End: 2024-09-17 15:37:08.923601
Duration: 0:04:25.564703
