Start: 2024-09-24 20:19:13.682410
End: 2024-09-24 20:19:14.490148
Duration: 0:00:00.807738
