Total Start: 2024-09-24 20:01:38.534831
Model Start: 2024-09-24 20:01:38.534833
Start: 2024-09-24 20:17:46.405112
End: 2024-09-24 20:19:16.193067
Duration: 0:01:29.787955
