Start: 2024-09-24 20:17:49.549915
End: 2024-09-24 20:19:13.573988
Duration: 0:01:24.024073
