Start: 2024-09-17 14:25:06.559853
End: 2024-09-17 14:25:12.607820
Duration: 0:00:06.047967
