Total Start: 2024-09-17 13:19:53.105080
Model Start: 2024-09-17 13:19:53.955682
Start: 2024-09-17 14:21:18.791187
End: 2024-09-17 14:25:12.614351
Duration: 0:03:53.823164
