Start: 2024-09-17 14:21:18.792242
End: 2024-09-17 14:25:06.456326
Duration: 0:03:47.664084
