Start: 2024-09-25 09:25:02.559660
End: 2024-09-25 09:25:03.675226
Duration: 0:00:01.115566
