Start: 2024-09-25 09:23:44.114678
End: 2024-09-25 09:25:02.461303
Duration: 0:01:18.346625
