Total Start: 2024-09-25 08:44:00.597600
Model Start: 2024-09-25 08:44:00.597603
Start: 2024-09-25 09:23:41.434410
End: 2024-09-25 09:25:05.359749
Duration: 0:01:23.925339
