Total Start: 2024-09-26 10:58:09.012363
Model Start: 2024-09-26 10:58:09.012365
Start: 2024-09-26 11:03:24.378853
End: 2024-09-26 11:04:58.845348
Duration: 0:01:34.466495
