Start: 2024-09-26 11:04:57.256628
End: 2024-09-26 11:04:57.785535
Duration: 0:00:00.528907
