Start: 2024-09-26 11:03:25.776675
End: 2024-09-26 11:04:57.153582
Duration: 0:01:31.376907
