Total Start: 2024-09-16 16:34:43.241323
Model Start: 2024-09-16 16:34:44.101856
Start: 2024-09-16 17:34:46.286824
End: 2024-09-16 17:38:44.351226
Duration: 0:03:58.064402
