Start: 2024-09-16 17:34:47.047326
End: 2024-09-16 17:38:41.414053
Duration: 0:03:54.366727
