Start: 2024-09-16 17:38:41.612213
End: 2024-09-16 17:38:42.578798
Duration: 0:00:00.966585
