Start: 2024-09-16 12:05:50.125517
End: 2024-09-16 12:08:16.174271
Duration: 0:02:26.048754
