Total Start: 2024-09-16 11:24:19.487206
Model Start: 2024-09-16 11:24:19.487209
Start: 2024-09-16 12:05:48.689890
End: 2024-09-16 12:08:20.351565
Duration: 0:02:31.661675
