Start: 2024-09-16 12:08:16.285175
End: 2024-09-16 12:08:17.582839
Duration: 0:00:01.297664
