Start: 2024-09-25 14:38:51.628613
End: 2024-09-25 14:39:38.210629
Duration: 0:00:46.582016
