Start: 2024-09-25 14:39:38.301541
End: 2024-09-25 14:39:38.954779
Duration: 0:00:00.653238
