Total Start: 2024-09-25 14:27:09.423176
Model Start: 2024-09-25 14:27:09.423178
Start: 2024-09-25 14:38:48.976006
End: 2024-09-25 14:39:40.457959
Duration: 0:00:51.481953
