Start: 2024-09-28 04:16:00.396368
End: 2024-09-28 04:16:00.869506
Duration: 0:00:00.473138
