Start: 2024-09-28 04:14:53.524724
End: 2024-09-28 04:16:00.292013
Duration: 0:01:06.767289
