Total Start: 2024-09-28 04:13:17.832768
Model Start: 2024-09-28 04:13:17.832771
Start: 2024-09-28 04:14:52.200145
End: 2024-09-28 04:16:01.946507
Duration: 0:01:09.746362
