Total Start: 2024-09-30 17:22:02.710994
Model Start: 2024-09-30 18:22:05.212762
Start: 2024-09-30 18:52:00.561047
End: 2024-09-30 18:55:52.406568
Duration: 0:03:51.845521
