Start: 2024-09-30 18:52:06.648340
End: 2024-09-30 18:55:38.381952
Duration: 0:03:31.733612
