Start: 2024-09-30 18:55:42.776881
End: 2024-09-30 18:55:47.973294
Duration: 0:00:05.196413
