Start: 2024-09-16 12:23:52.080458
End: 2024-09-16 12:27:02.468680
Duration: 0:03:10.388222
