Start: 2024-09-16 12:27:02.588433
End: 2024-09-16 12:27:04.174099
Duration: 0:00:01.585666
