Total Start: 2024-09-16 11:24:19.487206
Model Start: 2024-09-16 11:24:19.487209
Start: 2024-09-16 12:23:47.722573
End: 2024-09-16 12:27:07.768853
Duration: 0:03:20.046280
