Total Start: 2024-10-01 10:50:07.582259
Model Start: 2024-10-01 10:50:10.817060
Start: 2024-10-01 11:07:30.465429
End: 2024-10-01 11:13:27.118872
Duration: 0:05:56.653443
