Start: 2024-10-01 11:07:30.466815
End: 2024-10-01 11:13:20.890977
Duration: 0:05:50.424162
