Start: 2024-10-01 11:13:20.912406
End: 2024-10-01 11:13:27.112829
Duration: 0:00:06.200423
