Start: 2024-09-16 13:32:02.510899
End: 2024-09-16 13:33:34.915947
Duration: 0:01:32.405048
