Total Start: 2024-09-16 13:03:38.274023
Model Start: 2024-09-16 13:03:38.274026
Start: 2024-09-16 13:32:01.281519
End: 2024-09-16 13:33:37.270440
Duration: 0:01:35.988921
