Start: 2024-09-16 13:33:35.034461
End: 2024-09-16 13:33:35.860280
Duration: 0:00:00.825819
