Start: 2024-10-01 02:13:59.594698
End: 2024-10-01 02:17:15.730570
Duration: 0:03:16.135872
