Start: 2024-10-01 02:17:16.616945
End: 2024-10-01 02:17:21.116452
Duration: 0:00:04.499507
