Total Start: 2024-10-01 01:06:13.514252
Model Start: 2024-10-01 01:44:17.934168
Start: 2024-10-01 02:13:56.296806
End: 2024-10-01 02:17:25.868461
Duration: 0:03:29.571655
