Total Start: 2024-09-17 13:19:53.105080
Model Start: 2024-09-17 13:19:53.955682
Start: 2024-09-17 18:05:13.549208
End: 2024-09-17 18:10:58.553548
Duration: 0:05:45.004340
