Start: 2024-09-17 18:05:13.550671
End: 2024-09-17 18:10:53.117025
Duration: 0:05:39.566354
