Start: 2024-09-17 18:10:53.138632
End: 2024-09-17 18:10:58.545892
Duration: 0:00:05.407260
