Total Start: 2024-09-25 08:44:00.597600
Model Start: 2024-09-25 08:44:00.597603
Start: 2024-09-25 09:11:35.167273
End: 2024-09-25 09:12:26.485392
Duration: 0:00:51.318119
