Start: 2024-09-25 09:11:38.163909
End: 2024-09-25 09:12:24.091846
Duration: 0:00:45.927937
