Start: 2024-09-25 09:12:24.188301
End: 2024-09-25 09:12:25.080488
Duration: 0:00:00.892187
