Start: 2024-09-25 11:55:57.177216
End: 2024-09-25 11:56:45.503097
Duration: 0:00:48.325881
