Total Start: 2024-09-25 11:49:29.344034
Model Start: 2024-09-25 11:49:29.344037
Start: 2024-09-25 11:55:55.705267
End: 2024-09-25 11:56:47.264756
Duration: 0:00:51.559489
