Start: 2024-09-25 11:56:45.608496
End: 2024-09-25 11:56:46.142020
Duration: 0:00:00.533524
