Start: 2024-09-17 15:18:43.612908
End: 2024-09-17 15:22:46.262450
Duration: 0:04:02.649542
