Start: 2024-09-17 15:22:46.272346
End: 2024-09-17 15:22:52.328904
Duration: 0:00:06.056558
