Total Start: 2024-09-17 13:19:53.105080
Model Start: 2024-09-17 13:19:53.955682
Start: 2024-09-17 15:18:43.612400
End: 2024-09-17 15:22:52.352360
Duration: 0:04:08.739960
