Start: 2024-09-16 20:09:25.288801
End: 2024-09-16 20:09:26.916134
Duration: 0:00:01.627333
