Start: 2024-09-16 20:00:19.287602
End: 2024-09-16 20:09:25.077616
Duration: 0:09:05.790014
