Total Start: 2024-09-16 16:34:43.241323
Model Start: 2024-09-16 16:34:44.101856
Start: 2024-09-16 20:00:16.199271
End: 2024-09-16 20:09:29.426046
Duration: 0:09:13.226775
