Total Start: 2024-09-30 19:19:45.230615
Model Start: 2024-09-30 19:25:56.993873
Start: 2024-09-30 19:55:41.852033
End: 2024-09-30 19:58:15.383235
Duration: 0:02:33.531202
