Start: 2024-09-30 19:55:46.964131
End: 2024-09-30 19:58:11.732565
Duration: 0:02:24.768434
