Start: 2024-09-30 19:58:12.092165
End: 2024-09-30 19:58:13.458548
Duration: 0:00:01.366383
