Total Start: 2024-09-25 15:25:53.356327
Model Start: 2024-09-25 15:25:53.356330
Start: 2024-09-25 15:28:32.427806
End: 2024-09-25 15:29:52.187118
Duration: 0:01:19.759312
