Start: 2024-09-25 15:29:44.327461
End: 2024-09-25 15:29:50.822038
Duration: 0:00:06.494577
