Start: 2024-09-25 15:28:34.701525
End: 2024-09-25 15:29:44.224273
Duration: 0:01:09.522748
