Total Start: 2024-09-17 13:19:53.105080
Model Start: 2024-09-17 13:19:53.955682
Start: 2024-09-17 14:29:15.348532
End: 2024-09-17 14:34:12.604136
Duration: 0:04:57.255604
