Start: 2024-09-17 14:34:06.351714
End: 2024-09-17 14:34:12.598078
Duration: 0:00:06.246364
