Start: 2024-09-17 14:29:15.349222
End: 2024-09-17 14:34:06.321764
Duration: 0:04:50.972542
