Start: 2024-09-25 09:33:58.526312
End: 2024-09-25 09:33:59.830725
Duration: 0:00:01.304413
