Total Start: 2024-09-25 08:44:00.597600
Model Start: 2024-09-25 08:44:00.597603
Start: 2024-09-25 09:32:02.490420
End: 2024-09-25 09:34:02.092052
Duration: 0:01:59.601632
