Start: 2024-09-25 09:32:06.833545
End: 2024-09-25 09:33:58.431359
Duration: 0:01:51.597814
