Start: 2024-09-16 22:23:35.487127
End: 2024-09-16 22:30:45.371865
Duration: 0:07:09.884738
