Start: 2024-09-16 22:30:45.889833
End: 2024-09-16 22:31:08.206843
Duration: 0:00:22.317010
