Total Start: 2024-09-16 20:39:31.187347
Model Start: 2024-09-16 20:39:32.354137
Start: 2024-09-16 22:23:34.435613
End: 2024-09-16 22:31:10.391114
Duration: 0:07:35.955501
