Start: 2024-09-16 13:38:59.358942
End: 2024-09-16 13:41:09.416159
Duration: 0:02:10.057217
