Total Start: 2024-09-16 13:03:38.274023
Model Start: 2024-09-16 13:03:38.274026
Start: 2024-09-16 13:38:57.835071
End: 2024-09-16 13:41:12.389993
Duration: 0:02:14.554922
