Start: 2024-09-16 13:41:09.537869
End: 2024-09-16 13:41:10.531778
Duration: 0:00:00.993909
