Start: 2024-09-25 08:57:14.919060
End: 2024-09-25 08:58:24.317433
Duration: 0:01:09.398373
