Start: 2024-09-25 08:58:24.416326
End: 2024-09-25 08:58:25.094167
Duration: 0:00:00.677841
