Total Start: 2024-09-25 08:44:00.597600
Model Start: 2024-09-25 08:44:00.597603
Start: 2024-09-25 08:57:12.666318
End: 2024-09-25 08:58:26.603414
Duration: 0:01:13.937096
