Total Start: 2024-09-16 12:27:19.575562
Model Start: 2024-09-16 12:27:19.575564
Start: 2024-09-16 13:00:48.326406
End: 2024-09-16 13:01:55.576854
Duration: 0:01:07.250448
