Start: 2024-09-16 13:01:52.249591
End: 2024-09-16 13:01:53.370011
Duration: 0:00:01.120420
