Start: 2024-09-16 13:00:49.171819
End: 2024-09-16 13:01:52.135757
Duration: 0:01:02.963938
