Start: 2024-09-27 18:28:13.120692
End: 2024-09-27 18:29:49.492513
Duration: 0:01:36.371821
