Start: 2024-09-27 18:29:49.593374
End: 2024-09-27 18:29:50.259698
Duration: 0:00:00.666324
