Total Start: 2024-09-27 18:22:37.725424
Model Start: 2024-09-27 18:22:37.725427
Start: 2024-09-27 18:28:10.351447
End: 2024-09-27 18:29:51.985484
Duration: 0:01:41.634037
