Start: 2024-09-30 20:23:06.951279
End: 2024-09-30 20:23:32.312800
Duration: 0:00:25.361521
