Total Start: 2024-09-30 19:19:45.230615
Model Start: 2024-09-30 20:10:30.470989
Start: 2024-09-30 20:10:31.773253
End: 2024-09-30 20:23:34.496349
Duration: 0:13:02.723096
