Start: 2024-09-30 20:10:36.086094
End: 2024-09-30 20:23:06.166720
Duration: 0:12:30.080626
