Total Start: 2024-09-28 00:48:21.204854
Model Start: 2024-09-28 00:48:21.204858
Start: 2024-09-28 00:57:38.728428
End: 2024-09-28 00:58:54.822975
Duration: 0:01:16.094547
