Start: 2024-09-28 00:58:52.873208
End: 2024-09-28 00:58:53.563886
Duration: 0:00:00.690678
