Start: 2024-09-28 00:57:41.227623
End: 2024-09-28 00:58:52.757055
Duration: 0:01:11.529432
