Total Start: 2024-09-16 14:24:59.438522
Model Start: 2024-09-16 15:32:09.139359
Start: 2024-09-16 16:04:39.231577
End: 2024-09-16 16:06:54.588495
Duration: 0:02:15.356918
