Start: 2024-09-16 16:06:51.272245
End: 2024-09-16 16:06:52.639051
Duration: 0:00:01.366806
