Start: 2024-09-16 16:04:41.519047
End: 2024-09-16 16:06:51.073124
Duration: 0:02:09.554077
