Total Start: 2024-09-24 18:14:29.729863
Model Start: 2024-09-24 18:14:29.729869
Start: 2024-09-24 18:56:16.609788
End: 2024-09-24 18:57:16.115956
Duration: 0:00:59.506168
