Start: 2024-09-24 18:57:12.510949
End: 2024-09-24 18:57:13.898601
Duration: 0:00:01.387652
