Start: 2024-09-24 18:56:18.271331
End: 2024-09-24 18:57:12.417181
Duration: 0:00:54.145850
