Start: 2024-09-24 18:16:43.902874
End: 2024-09-24 18:17:37.916872
Duration: 0:00:54.013998
