Total Start: 2024-09-24 18:14:29.729863
Model Start: 2024-09-24 18:14:29.729869
Start: 2024-09-24 18:16:40.690606
End: 2024-09-24 18:17:44.725178
Duration: 0:01:04.034572
