Start: 2024-09-24 18:17:38.033696
End: 2024-09-24 18:17:43.371187
Duration: 0:00:05.337491
