Total Start: 2024-09-16 20:39:31.187347
Model Start: 2024-09-16 20:39:32.354137
Start: 2024-09-16 22:07:38.146536
End: 2024-09-16 22:15:38.389049
Duration: 0:08:00.242513
