Start: 2024-09-16 22:07:39.634652
End: 2024-09-16 22:15:34.715050
Duration: 0:07:55.080398
