Start: 2024-09-16 22:15:35.358552
End: 2024-09-16 22:15:36.560420
Duration: 0:00:01.201868
