Total Start: 2024-09-16 16:34:43.241323
Model Start: 2024-09-16 16:34:44.101856
Start: 2024-09-16 19:05:09.726844
End: 2024-09-16 19:13:18.345016
Duration: 0:08:08.618172
