Start: 2024-09-16 19:13:13.821249
End: 2024-09-16 19:13:15.398857
Duration: 0:00:01.577608
