Start: 2024-09-16 19:05:17.349174
End: 2024-09-16 19:13:13.519734
Duration: 0:07:56.170560
