Start: 2024-09-25 09:29:14.095587
End: 2024-09-25 09:29:15.270293
Duration: 0:00:01.174706
