Total Start: 2024-09-25 08:44:00.597600
Model Start: 2024-09-25 08:44:00.597603
Start: 2024-09-25 09:28:25.518334
End: 2024-09-25 09:29:16.979572
Duration: 0:00:51.461238
