Start: 2024-09-25 09:28:27.650159
End: 2024-09-25 09:29:13.996353
Duration: 0:00:46.346194
