Start: 2024-09-16 18:15:17.691870
End: 2024-09-16 18:15:18.879898
Duration: 0:00:01.188028
