Start: 2024-09-16 18:05:08.873442
End: 2024-09-16 18:15:17.506814
Duration: 0:10:08.633372
