Total Start: 2024-09-16 16:34:43.241323
Model Start: 2024-09-16 16:34:44.101856
Start: 2024-09-16 18:05:07.373394
End: 2024-09-16 18:15:21.352137
Duration: 0:10:13.978743
