Start: 2024-09-27 17:02:19.322974
End: 2024-09-27 17:03:27.965582
Duration: 0:01:08.642608
