Start: 2024-09-27 17:03:28.076239
End: 2024-09-27 17:03:28.553819
Duration: 0:00:00.477580
