Total Start: 2024-09-27 17:00:36.524262
Model Start: 2024-09-27 17:00:36.524266
Start: 2024-09-27 17:02:16.278076
End: 2024-09-27 17:03:29.589008
Duration: 0:01:13.310932
