Total Start: 2024-09-30 04:54:54.786574
Model Start: 2024-09-30 04:54:54.786578
Start: 2024-09-30 05:00:27.924966
End: 2024-09-30 05:04:09.334729
Duration: 0:03:41.409763
