Start: 2024-09-30 05:00:30.661213
End: 2024-09-30 05:04:07.219247
Duration: 0:03:36.558034
