Start: 2024-09-30 05:04:07.629473
End: 2024-09-30 05:04:08.235448
Duration: 0:00:00.605975
