Start: 2024-09-25 22:09:23.751275
End: 2024-09-25 22:10:54.483821
Duration: 0:01:30.732546
