Start: 2024-09-25 22:10:54.586897
End: 2024-09-25 22:10:55.089793
Duration: 0:00:00.502896
