Total Start: 2024-09-25 22:08:11.346476
Model Start: 2024-09-25 22:08:11.346479
Start: 2024-09-25 22:09:22.480523
End: 2024-09-25 22:10:56.172706
Duration: 0:01:33.692183
