Start: 2024-09-24 18:24:14.513066
End: 2024-09-24 18:24:15.159056
Duration: 0:00:00.645990
