Total Start: 2024-09-24 18:14:29.729863
Model Start: 2024-09-24 18:14:29.729869
Start: 2024-09-24 18:23:36.364942
End: 2024-09-24 18:24:16.355914
Duration: 0:00:39.990972
