Start: 2024-09-24 18:23:38.163928
End: 2024-09-24 18:24:14.409532
Duration: 0:00:36.245604
