Total Start: 2024-09-30 04:54:54.786574
Model Start: 2024-09-30 04:54:54.786578
Start: 2024-09-30 05:19:07.732939
End: 2024-09-30 05:24:21.408378
Duration: 0:05:13.675439
