Start: 2024-09-30 05:19:09.589670
End: 2024-09-30 05:24:18.814683
Duration: 0:05:09.225013
