Start: 2024-09-30 05:24:19.052211
End: 2024-09-30 05:24:19.901790
Duration: 0:00:00.849579
