Start: 2024-09-30 17:33:11.765864
End: 2024-09-30 17:36:38.960807
Duration: 0:03:27.194943
