Total Start: 2024-09-30 17:22:02.710994
Model Start: 2024-09-30 17:22:02.710999
Start: 2024-09-30 17:33:05.507780
End: 2024-09-30 17:36:41.759343
Duration: 0:03:36.251563
