Start: 2024-09-30 17:36:39.546665
End: 2024-09-30 17:36:40.516992
Duration: 0:00:00.970327
