Start: 2024-09-27 17:44:35.199886
End: 2024-09-27 17:46:09.034579
Duration: 0:01:33.834693
