Start: 2024-09-27 17:46:09.138948
End: 2024-09-27 17:46:09.826860
Duration: 0:00:00.687912
