Total Start: 2024-09-27 17:31:40.691707
Model Start: 2024-09-27 17:31:40.691711
Start: 2024-09-27 17:44:30.750428
End: 2024-09-27 17:46:11.413954
Duration: 0:01:40.663526
