Start: 2024-09-27 17:02:07.785609
End: 2024-09-27 17:02:12.161857
Duration: 0:00:04.376248
