Total Start: 2024-09-27 17:00:36.524262
Model Start: 2024-09-27 17:00:36.524266
Start: 2024-09-27 17:00:40.980106
End: 2024-09-27 17:02:13.339274
Duration: 0:01:32.359168
