Start: 2024-09-27 17:00:43.984592
End: 2024-09-27 17:02:07.651472
Duration: 0:01:23.666880
