Total Start: 2024-09-16 16:34:43.241323
Model Start: 2024-09-16 16:34:44.101856
Start: 2024-09-16 17:58:55.906287
End: 2024-09-16 18:05:05.234171
Duration: 0:06:09.327884
