Start: 2024-09-16 18:05:01.715392
End: 2024-09-16 18:05:02.937127
Duration: 0:00:01.221735
