Start: 2024-09-16 17:58:56.923754
End: 2024-09-16 18:05:01.257403
Duration: 0:06:04.333649
