Start: 2024-09-25 15:21:06.589299
End: 2024-09-25 15:21:07.091140
Duration: 0:00:00.501841
