Total Start: 2024-09-25 15:18:12.115065
Model Start: 2024-09-25 15:18:12.115068
Start: 2024-09-25 15:19:27.712291
End: 2024-09-25 15:21:08.140848
Duration: 0:01:40.428557
