Start: 2024-09-25 15:19:31.174895
End: 2024-09-25 15:21:06.440256
Duration: 0:01:35.265361
