Start: 2024-10-01 01:51:51.911323
End: 2024-10-01 01:51:55.806814
Duration: 0:00:03.895491
