Start: 2024-10-01 01:48:59.692833
End: 2024-10-01 01:51:51.629493
Duration: 0:02:51.936660
