Total Start: 2024-10-01 01:06:13.514252
Model Start: 2024-10-01 01:44:17.934168
Start: 2024-10-01 01:48:57.228246
End: 2024-10-01 01:52:00.173636
Duration: 0:03:02.945390
