Start: 2024-10-01 01:04:48.951929
End: 2024-10-01 01:04:54.530537
Duration: 0:00:05.578608
