Total Start: 2024-10-01 01:01:10.036760
Model Start: 2024-10-01 01:01:11.590420
Start: 2024-10-01 01:01:11.800546
End: 2024-10-01 01:04:56.605565
Duration: 0:03:44.805019
