Start: 2024-10-01 01:01:15.490357
End: 2024-10-01 01:04:45.543358
Duration: 0:03:30.053001
