Total Start: 2024-09-28 00:00:43.443002
Model Start: 2024-09-28 00:00:43.443006
Start: 2024-09-28 00:02:20.859807
End: 2024-09-28 00:03:35.317702
Duration: 0:01:14.457895
