Start: 2024-09-28 00:02:23.406639
End: 2024-09-28 00:03:33.596406
Duration: 0:01:10.189767
