Start: 2024-09-28 00:03:33.716998
End: 2024-09-28 00:03:34.244438
Duration: 0:00:00.527440
