Total Start: 2024-09-28 00:48:21.204854
Model Start: 2024-09-28 00:48:21.204858
Start: 2024-09-28 00:56:21.882439
End: 2024-09-28 00:57:36.299025
Duration: 0:01:14.416586
