Start: 2024-09-28 00:57:34.484244
End: 2024-09-28 00:57:35.115639
Duration: 0:00:00.631395
