Start: 2024-09-28 00:56:25.256990
End: 2024-09-28 00:57:34.282578
Duration: 0:01:09.025588
