Total Start: 2024-10-01 10:50:07.582259
Model Start: 2024-10-01 10:50:10.817060
Start: 2024-10-01 11:33:03.325048
End: 2024-10-01 11:38:13.598609
Duration: 0:05:10.273561
