Start: 2024-10-01 11:33:03.326770
End: 2024-10-01 11:38:07.280266
Duration: 0:05:03.953496
