Start: 2024-10-01 11:38:07.322329
End: 2024-10-01 11:38:13.591781
Duration: 0:00:06.269452
