Start: 2024-09-22 16:39:08.040181
End: 2024-09-22 16:41:44.201043
Duration: 0:02:36.160862
