Start: 2024-09-22 16:41:44.320434
End: 2024-09-22 16:41:44.947684
Duration: 0:00:00.627250
