Total Start: 2024-09-22 16:33:54.458186
Model Start: 2024-09-22 16:33:54.458189
Start: 2024-09-22 16:39:05.978998
End: 2024-09-22 16:41:46.968486
Duration: 0:02:40.989488
