Start: 2024-09-16 21:07:59.856282
End: 2024-09-16 21:13:29.748276
Duration: 0:05:29.891994
