Total Start: 2024-09-16 20:39:31.187347
Model Start: 2024-09-16 20:39:32.354137
Start: 2024-09-16 21:07:57.642345
End: 2024-09-16 21:13:31.900811
Duration: 0:05:34.258466
