Start: 2024-09-16 21:13:30.007854
End: 2024-09-16 21:13:30.717054
Duration: 0:00:00.709200
