Start: 2024-09-24 19:00:49.102659
End: 2024-09-24 19:01:43.507845
Duration: 0:00:54.405186
