Total Start: 2024-09-24 18:14:29.729863
Model Start: 2024-09-24 18:14:29.729869
Start: 2024-09-24 19:00:47.470039
End: 2024-09-24 19:01:47.734761
Duration: 0:01:00.264722
