Start: 2024-09-24 19:01:43.785004
End: 2024-09-24 19:01:45.402272
Duration: 0:00:01.617268
