Total Start: 2024-09-28 00:48:21.204854
Model Start: 2024-09-28 00:48:21.204858
Start: 2024-09-28 01:08:41.297274
End: 2024-09-28 01:10:27.413280
Duration: 0:01:46.116006
