Start: 2024-09-28 01:10:24.884185
End: 2024-09-28 01:10:25.737557
Duration: 0:00:00.853372
