Start: 2024-09-28 01:08:47.292275
End: 2024-09-28 01:10:24.788378
Duration: 0:01:37.496103
