Start: 2024-09-17 17:38:03.251265
End: 2024-09-17 17:43:38.468529
Duration: 0:05:35.217264
