Start: 2024-09-17 17:43:38.482531
End: 2024-09-17 17:43:44.298626
Duration: 0:00:05.816095
