Total Start: 2024-09-17 13:19:53.105080
Model Start: 2024-09-17 13:19:53.955682
Start: 2024-09-17 17:38:03.250413
End: 2024-09-17 17:43:44.306193
Duration: 0:05:41.055780
