Start: 2024-09-25 09:34:52.129527
End: 2024-09-25 09:34:53.400251
Duration: 0:00:01.270724
