Start: 2024-09-25 09:34:05.756148
End: 2024-09-25 09:34:52.036368
Duration: 0:00:46.280220
