Total Start: 2024-09-25 08:44:00.597600
Model Start: 2024-09-25 08:44:00.597603
Start: 2024-09-25 09:34:04.071858
End: 2024-09-25 09:34:55.183809
Duration: 0:00:51.111951
