Start: 2024-09-25 09:06:56.348847
End: 2024-09-25 09:08:14.780904
Duration: 0:01:18.432057
