Start: 2024-09-25 09:08:14.876029
End: 2024-09-25 09:08:15.710285
Duration: 0:00:00.834256
