Total Start: 2024-09-25 08:44:00.597600
Model Start: 2024-09-25 08:44:00.597603
Start: 2024-09-25 09:06:53.906524
End: 2024-09-25 09:08:17.018710
Duration: 0:01:23.112186
