Start: 2024-09-25 04:12:43.425514
End: 2024-09-25 04:12:47.598012
Duration: 0:00:04.172498
