Start: 2024-09-25 04:11:53.710817
End: 2024-09-25 04:12:43.310248
Duration: 0:00:49.599431
