Total Start: 2024-09-25 04:11:48.613439
Model Start: 2024-09-25 04:11:48.613442
Start: 2024-09-25 04:11:52.426049
End: 2024-09-25 04:12:48.818654
Duration: 0:00:56.392605
