Start: 2024-09-17 16:19:39.423366
End: 2024-09-17 16:24:32.092060
Duration: 0:04:52.668694
