Total Start: 2024-09-17 13:19:53.105080
Model Start: 2024-09-17 13:19:53.955682
Start: 2024-09-17 16:19:39.422334
End: 2024-09-17 16:24:37.956694
Duration: 0:04:58.534360
