Start: 2024-09-17 16:24:32.107277
End: 2024-09-17 16:24:37.947017
Duration: 0:00:05.839740
