Start: 2024-09-16 14:27:57.588491
End: 2024-09-16 14:30:17.670506
Duration: 0:02:20.082015
