Total Start: 2024-09-16 14:24:59.438522
Model Start: 2024-09-16 14:24:59.438525
Start: 2024-09-16 14:27:56.565647
End: 2024-09-16 14:30:20.579988
Duration: 0:02:24.014341
