Start: 2024-09-16 14:30:18.003780
End: 2024-09-16 14:30:18.586987
Duration: 0:00:00.583207
