Start: 2024-09-24 18:26:20.621027
End: 2024-09-24 18:26:21.340225
Duration: 0:00:00.719198
