Start: 2024-09-24 18:25:27.628697
End: 2024-09-24 18:26:20.519060
Duration: 0:00:52.890363
