Total Start: 2024-09-24 18:14:29.729863
Model Start: 2024-09-24 18:14:29.729869
Start: 2024-09-24 18:25:26.023937
End: 2024-09-24 18:26:22.962523
Duration: 0:00:56.938586
