Start: 2024-09-28 04:17:12.182271
End: 2024-09-28 04:17:12.673300
Duration: 0:00:00.491029
