Total Start: 2024-09-28 04:13:17.832768
Model Start: 2024-09-28 04:13:17.832771
Start: 2024-09-28 04:16:04.569543
End: 2024-09-28 04:17:13.765718
Duration: 0:01:09.196175
