Start: 2024-09-28 04:16:05.804788
End: 2024-09-28 04:17:12.065355
Duration: 0:01:06.260567
