Start: 2024-09-27 17:37:57.042810
End: 2024-09-27 17:37:57.577891
Duration: 0:00:00.535081
