Start: 2024-09-27 17:36:48.926588
End: 2024-09-27 17:37:56.940336
Duration: 0:01:08.013748
