Total Start: 2024-09-27 17:31:40.691707
Model Start: 2024-09-27 17:31:40.691711
Start: 2024-09-27 17:36:46.686224
End: 2024-09-27 17:37:58.685941
Duration: 0:01:11.999717
