Start: 2024-09-17 17:49:27.246351
End: 2024-09-17 17:54:20.814703
Duration: 0:04:53.568352
