Total Start: 2024-09-17 13:19:53.105080
Model Start: 2024-09-17 13:19:53.955682
Start: 2024-09-17 17:49:27.244650
End: 2024-09-17 17:54:26.526709
Duration: 0:04:59.282059
