Start: 2024-09-17 17:54:20.835624
End: 2024-09-17 17:54:26.520208
Duration: 0:00:05.684584
