Total Start: 2024-09-30 10:21:04.271936
Model Start: 2024-09-30 10:21:04.271940
Start: 2024-09-30 10:21:05.411842
End: 2024-09-30 10:25:53.004129
Duration: 0:04:47.592287
