Start: 2024-09-30 10:21:07.903188
End: 2024-09-30 10:25:22.609695
Duration: 0:04:14.706507
