Start: 2024-09-30 10:25:23.055311
End: 2024-09-30 10:25:51.275636
Duration: 0:00:28.220325
