Start: 2024-09-30 10:36:46.218043
End: 2024-09-30 10:37:10.955984
Duration: 0:00:24.737941
