Start: 2024-09-30 10:32:33.415587
End: 2024-09-30 10:36:45.938858
Duration: 0:04:12.523271
