Total Start: 2024-09-30 10:27:40.601156
Model Start: 2024-09-30 10:27:40.601160
Start: 2024-09-30 10:32:26.040565
End: 2024-09-30 10:37:12.128017
Duration: 0:04:46.087452
