Total Start: 2024-09-27 21:19:15.236173
Model Start: 2024-09-27 21:19:15.236176
Start: 2024-09-27 21:25:51.200899
End: 2024-09-27 21:27:02.847351
Duration: 0:01:11.646452
