Start: 2024-09-27 21:25:53.698764
End: 2024-09-27 21:27:01.116431
Duration: 0:01:07.417667
