Start: 2024-09-27 21:27:01.231824
End: 2024-09-27 21:27:01.792719
Duration: 0:00:00.560895
