Total Start: 2024-09-22 01:33:19.808510
Model Start: 2024-09-22 01:33:19.808513
Start: 2024-09-22 01:38:04.722655
End: 2024-09-22 01:39:08.729700
Duration: 0:01:04.007045
