Start: 2024-09-22 01:39:07.042179
End: 2024-09-22 01:39:07.591900
Duration: 0:00:00.549721
