Start: 2024-09-22 01:38:07.054399
End: 2024-09-22 01:39:06.772237
Duration: 0:00:59.717838
