Start: 2024-09-24 18:42:48.682378
End: 2024-09-24 18:42:49.722003
Duration: 0:00:01.039625
