Total Start: 2024-09-24 18:14:29.729863
Model Start: 2024-09-24 18:14:29.729869
Start: 2024-09-24 18:41:45.913220
End: 2024-09-24 18:42:51.279605
Duration: 0:01:05.366385
