Start: 2024-09-24 18:41:48.644775
End: 2024-09-24 18:42:48.571202
Duration: 0:00:59.926427
