Start: 2024-10-01 02:11:09.868277
End: 2024-10-01 02:13:46.388117
Duration: 0:02:36.519840
