Start: 2024-10-01 02:13:46.758962
End: 2024-10-01 02:13:51.228287
Duration: 0:00:04.469325
