Total Start: 2024-09-16 20:39:31.187347
Model Start: 2024-09-16 20:39:32.354137
Start: 2024-09-16 21:57:47.095158
End: 2024-09-16 22:02:40.796081
Duration: 0:04:53.700923
