Start: 2024-09-16 22:02:38.000409
End: 2024-09-16 22:02:39.048382
Duration: 0:00:01.047973
