Start: 2024-09-16 21:57:49.193562
End: 2024-09-16 22:02:37.779330
Duration: 0:04:48.585768
