Total Start: 2024-09-25 19:15:11.008655
Model Start: 2024-09-25 19:15:11.008660
Start: 2024-09-25 19:29:03.422605
End: 2024-09-25 19:30:23.889920
Duration: 0:01:20.467315
