Start: 2024-09-25 19:29:05.424332
End: 2024-09-25 19:30:21.313722
Duration: 0:01:15.889390
