Start: 2024-09-25 19:30:21.413658
End: 2024-09-25 19:30:22.167019
Duration: 0:00:00.753361
