Start: 2024-09-17 01:43:05.771915
End: 2024-09-17 02:01:50.221998
Duration: 0:18:44.450083
