Total Start: 2024-09-16 20:39:31.187347
Model Start: 2024-09-16 20:39:32.354137
Start: 2024-09-17 01:43:04.249795
End: 2024-09-17 02:01:55.936457
Duration: 0:18:51.686662
