Start: 2024-09-17 02:01:50.536698
End: 2024-09-17 02:01:52.793674
Duration: 0:00:02.256976
