Start: 2024-09-27 17:35:32.314788
End: 2024-09-27 17:36:38.596831
Duration: 0:01:06.282043
