Start: 2024-09-27 17:36:38.874478
End: 2024-09-27 17:36:43.108582
Duration: 0:00:04.234104
