Total Start: 2024-09-27 17:31:40.691707
Model Start: 2024-09-27 17:31:40.691711
Start: 2024-09-27 17:35:30.146175
End: 2024-09-27 17:36:44.130531
Duration: 0:01:13.984356
