Start: 2024-09-17 14:51:05.990363
End: 2024-09-17 14:55:39.254212
Duration: 0:04:33.263849
