Total Start: 2024-09-17 13:19:53.105080
Model Start: 2024-09-17 13:19:53.955682
Start: 2024-09-17 14:51:05.989307
End: 2024-09-17 14:55:44.874805
Duration: 0:04:38.885498
