Start: 2024-09-17 14:55:39.278226
End: 2024-09-17 14:55:44.865954
Duration: 0:00:05.587728
