Start: 2024-09-24 20:23:36.615270
End: 2024-09-24 20:23:37.530682
Duration: 0:00:00.915412
