Start: 2024-09-24 20:22:12.195868
End: 2024-09-24 20:23:36.488427
Duration: 0:01:24.292559
