Total Start: 2024-09-24 20:01:38.534831
Model Start: 2024-09-24 20:01:38.534833
Start: 2024-09-24 20:22:08.483806
End: 2024-09-24 20:23:39.343654
Duration: 0:01:30.859848
