Start: 2024-09-24 18:55:11.001138
End: 2024-09-24 18:56:11.358437
Duration: 0:01:00.357299
