Start: 2024-09-24 18:56:11.469159
End: 2024-09-24 18:56:12.782211
Duration: 0:00:01.313052
