Total Start: 2024-09-24 18:14:29.729863
Model Start: 2024-09-24 18:14:29.729869
Start: 2024-09-24 18:55:09.147873
End: 2024-09-24 18:56:14.681318
Duration: 0:01:05.533445
