Total Start: 2024-10-01 01:06:13.514252
Model Start: 2024-10-01 01:44:17.934168
Start: 2024-10-01 01:44:21.696094
End: 2024-10-01 01:48:57.222856
Duration: 0:04:35.526762
