Start: 2024-10-01 01:44:23.730818
End: 2024-10-01 01:48:26.278113
Duration: 0:04:02.547295
