Start: 2024-10-01 01:48:26.546062
End: 2024-10-01 01:48:52.848631
Duration: 0:00:26.302569
