Start: 2024-09-24 19:40:50.419158
End: 2024-09-24 19:40:50.908873
Duration: 0:00:00.489715
