Start: 2024-09-24 19:39:49.942601
End: 2024-09-24 19:40:50.319806
Duration: 0:01:00.377205
