Total Start: 2024-09-24 19:38:47.551090
Model Start: 2024-09-24 19:38:47.551094
Start: 2024-09-24 19:39:48.103637
End: 2024-09-24 19:40:52.093635
Duration: 0:01:03.989998
