Start: 2024-09-30 20:45:24.432833
End: 2024-09-30 20:45:27.205507
Duration: 0:00:02.772674
