Start: 2024-09-30 20:34:03.981228
End: 2024-09-30 20:45:23.296890
Duration: 0:11:19.315662
