Start: 2024-09-16 14:00:10.333341
End: 2024-09-16 14:00:11.622254
Duration: 0:00:01.288913
