Start: 2024-09-16 13:57:33.018075
End: 2024-09-16 14:00:10.210848
Duration: 0:02:37.192773
