Total Start: 2024-09-16 13:03:38.274023
Model Start: 2024-09-16 13:03:38.274026
Start: 2024-09-16 13:57:30.605546
End: 2024-09-16 14:00:13.972953
Duration: 0:02:43.367407
