Total Start: 2024-09-17 04:00:56.884117
Model Start: 2024-09-17 04:00:57.843650
Start: 2024-09-17 04:40:59.167300
End: 2024-09-17 04:48:47.322049
Duration: 0:07:48.154749
