Start: 2024-09-17 04:48:20.280923
End: 2024-09-17 04:48:45.539349
Duration: 0:00:25.258426
