Start: 2024-09-17 04:41:00.131798
End: 2024-09-17 04:48:20.081717
Duration: 0:07:19.949919
