Start: 2024-09-25 11:49:36.111041
End: 2024-09-25 11:50:43.098578
Duration: 0:01:06.987537
