Total Start: 2024-09-25 11:49:29.344034
Model Start: 2024-09-25 11:49:29.344037
Start: 2024-09-25 11:49:33.511082
End: 2024-09-25 11:50:50.894592
Duration: 0:01:17.383510
