Start: 2024-09-25 11:50:43.194050
End: 2024-09-25 11:50:49.643701
Duration: 0:00:06.449651
