Start: 2024-09-30 18:36:32.416563
End: 2024-09-30 18:41:05.291300
Duration: 0:04:32.874737
