Start: 2024-09-30 18:41:09.880908
End: 2024-09-30 18:41:25.702231
Duration: 0:00:15.821323
