Total Start: 2024-09-30 17:22:02.710994
Model Start: 2024-09-30 18:22:05.212762
Start: 2024-09-30 18:36:21.196566
End: 2024-09-30 18:41:29.481305
Duration: 0:05:08.284739
