Total Start: 2024-09-30 19:19:45.230615
Model Start: 2024-09-30 19:25:56.993873
Start: 2024-09-30 19:34:21.671643
End: 2024-09-30 19:36:57.328751
Duration: 0:02:35.657108
