Start: 2024-09-30 19:34:29.441499
End: 2024-09-30 19:36:53.934381
Duration: 0:02:24.492882
