Start: 2024-09-30 19:36:54.515085
End: 2024-09-30 19:36:55.590309
Duration: 0:00:01.075224
