Start: 2024-09-28 04:19:37.910339
End: 2024-09-28 04:19:38.435321
Duration: 0:00:00.524982
