Total Start: 2024-09-28 04:13:17.832768
Model Start: 2024-09-28 04:13:17.832771
Start: 2024-09-28 04:18:30.054238
End: 2024-09-28 04:19:39.512169
Duration: 0:01:09.457931
