Start: 2024-09-28 04:18:31.293129
End: 2024-09-28 04:19:37.712364
Duration: 0:01:06.419235
