Total Start: 2024-09-16 16:34:43.241323
Model Start: 2024-09-16 16:34:44.101856
Start: 2024-09-16 16:51:06.695765
End: 2024-09-16 16:58:00.627919
Duration: 0:06:53.932154
