Start: 2024-09-16 16:57:58.371755
End: 2024-09-16 16:57:59.114460
Duration: 0:00:00.742705
