Start: 2024-09-16 16:51:07.948017
End: 2024-09-16 16:57:58.170782
Duration: 0:06:50.222765
