Start: 2024-09-17 01:42:30.356042
End: 2024-09-17 01:42:59.239380
Duration: 0:00:28.883338
