Total Start: 2024-09-16 20:39:31.187347
Model Start: 2024-09-16 20:39:32.354137
Start: 2024-09-17 01:20:16.913231
End: 2024-09-17 01:43:02.025843
Duration: 0:22:45.112612
