Start: 2024-09-17 01:20:19.330431
End: 2024-09-17 01:42:30.153712
Duration: 0:22:10.823281
