Total Start: 2024-09-28 00:48:21.204854
Model Start: 2024-09-28 00:48:21.204858
Start: 2024-09-28 01:17:09.757130
End: 2024-09-28 01:18:26.175102
Duration: 0:01:16.417972
