Start: 2024-09-28 01:17:15.716513
End: 2024-09-28 01:18:23.766751
Duration: 0:01:08.050238
