Start: 2024-09-28 01:18:23.858971
End: 2024-09-28 01:18:24.750687
Duration: 0:00:00.891716
