Start: 2024-09-16 12:53:47.902185
End: 2024-09-16 12:55:21.353426
Duration: 0:01:33.451241
