Total Start: 2024-09-16 12:27:19.575562
Model Start: 2024-09-16 12:27:19.575564
Start: 2024-09-16 12:53:46.763607
End: 2024-09-16 12:55:25.339560
Duration: 0:01:38.575953
