Start: 2024-09-16 12:55:21.638204
End: 2024-09-16 12:55:22.761888
Duration: 0:00:01.123684
