Start: 2024-09-24 18:59:31.334929
End: 2024-09-24 18:59:32.797866
Duration: 0:00:01.462937
