Start: 2024-09-24 18:58:54.456365
End: 2024-09-24 18:59:31.231455
Duration: 0:00:36.775090
