Total Start: 2024-09-24 18:14:29.729863
Model Start: 2024-09-24 18:14:29.729869
Start: 2024-09-24 18:58:53.119859
End: 2024-09-24 18:59:34.751174
Duration: 0:00:41.631315
