Total Start: 2024-09-24 20:01:38.534831
Model Start: 2024-09-24 20:01:38.534833
Start: 2024-09-24 20:19:18.158503
End: 2024-09-24 20:19:59.195866
Duration: 0:00:41.037363
