Start: 2024-09-24 20:19:20.783921
End: 2024-09-24 20:19:56.847181
Duration: 0:00:36.063260
