Start: 2024-09-24 20:19:56.956790
End: 2024-09-24 20:19:57.776257
Duration: 0:00:00.819467
