Start: 2024-09-25 11:50:54.469060
End: 2024-09-25 11:52:23.257525
Duration: 0:01:28.788465
