Total Start: 2024-09-25 11:49:29.344034
Model Start: 2024-09-25 11:49:29.344037
Start: 2024-09-25 11:50:52.796145
End: 2024-09-25 11:52:24.810224
Duration: 0:01:32.014079
