Start: 2024-09-25 11:52:23.371332
End: 2024-09-25 11:52:23.841098
Duration: 0:00:00.469766
