Start: 2024-09-17 04:48:50.481627
End: 2024-09-17 04:56:09.878969
Duration: 0:07:19.397342
