Start: 2024-09-17 04:56:10.099153
End: 2024-09-17 04:56:10.927973
Duration: 0:00:00.828820
