Total Start: 2024-09-17 04:00:56.884117
Model Start: 2024-09-17 04:00:57.843650
Start: 2024-09-17 04:48:49.631200
End: 2024-09-17 04:56:12.657383
Duration: 0:07:23.026183
