Start: 2024-09-17 02:32:04.278578
End: 2024-09-17 02:32:07.110662
Duration: 0:00:02.832084
