Start: 2024-09-17 02:02:01.883182
End: 2024-09-17 02:32:04.023990
Duration: 0:30:02.140808
