Total Start: 2024-09-16 20:39:31.187347
Model Start: 2024-09-16 20:39:32.354137
Start: 2024-09-17 02:01:58.184928
End: 2024-09-17 02:32:10.084223
Duration: 0:30:11.899295
