Start: 2024-09-16 13:49:25.409565
End: 2024-09-16 13:49:26.555151
Duration: 0:00:01.145586
