Start: 2024-09-16 13:48:03.040952
End: 2024-09-16 13:49:25.304688
Duration: 0:01:22.263736
