Total Start: 2024-09-16 13:03:38.274023
Model Start: 2024-09-16 13:03:38.274026
Start: 2024-09-16 13:48:01.982180
End: 2024-09-16 13:49:28.612987
Duration: 0:01:26.630807
