Start: 2024-09-17 15:32:35.823273
End: 2024-09-17 15:32:41.380408
Duration: 0:00:05.557135
