Start: 2024-09-17 15:27:47.434459
End: 2024-09-17 15:32:35.802895
Duration: 0:04:48.368436
