Total Start: 2024-09-17 13:19:53.105080
Model Start: 2024-09-17 13:19:53.955682
Start: 2024-09-17 15:27:47.433334
End: 2024-09-17 15:32:41.384638
Duration: 0:04:53.951304
