Start: 2024-09-17 17:59:16.432203
End: 2024-09-17 17:59:21.957999
Duration: 0:00:05.525796
