Total Start: 2024-09-17 13:19:53.105080
Model Start: 2024-09-17 13:19:53.955682
Start: 2024-09-17 17:54:28.637032
End: 2024-09-17 17:59:21.964920
Duration: 0:04:53.327888
