Start: 2024-09-17 17:54:28.637989
End: 2024-09-17 17:59:16.417319
Duration: 0:04:47.779330
