Total Start: 2024-09-16 11:24:19.487206
Model Start: 2024-09-16 11:24:19.487209
Start: 2024-09-16 12:00:42.493658
End: 2024-09-16 12:02:29.616800
Duration: 0:01:47.123142
