Start: 2024-09-16 12:02:26.146699
End: 2024-09-16 12:02:27.417958
Duration: 0:00:01.271259
