Start: 2024-09-16 12:00:43.666939
End: 2024-09-16 12:02:26.005116
Duration: 0:01:42.338177
