Total Start: 2024-09-25 15:25:53.356327
Model Start: 2024-09-25 15:25:53.356330
Start: 2024-09-25 15:31:56.064022
End: 2024-09-25 15:32:47.346115
Duration: 0:00:51.282093
