Start: 2024-09-25 15:32:45.650567
End: 2024-09-25 15:32:46.219789
Duration: 0:00:00.569222
