Start: 2024-09-25 15:31:58.514107
End: 2024-09-25 15:32:45.527865
Duration: 0:00:47.013758
