Start: 2024-09-28 00:08:03.607281
End: 2024-09-28 00:08:04.190202
Duration: 0:00:00.582921
