Start: 2024-09-28 00:06:52.809851
End: 2024-09-28 00:08:03.454335
Duration: 0:01:10.644484
