Total Start: 2024-09-28 00:00:43.443002
Model Start: 2024-09-28 00:00:43.443006
Start: 2024-09-28 00:06:51.480159
End: 2024-09-28 00:08:05.351438
Duration: 0:01:13.871279
