Start: 2024-09-17 17:33:14.519214
End: 2024-09-17 17:33:20.305677
Duration: 0:00:05.786463
