Total Start: 2024-09-17 13:19:53.105080
Model Start: 2024-09-17 13:19:53.955682
Start: 2024-09-17 17:28:34.967132
End: 2024-09-17 17:33:20.312781
Duration: 0:04:45.345649
