Start: 2024-09-17 17:28:34.967885
End: 2024-09-17 17:33:14.487583
Duration: 0:04:39.519698
