Total Start: 2024-09-27 17:31:40.691707
Model Start: 2024-09-27 17:31:40.691711
Start: 2024-09-27 17:41:43.982922
End: 2024-09-27 17:42:54.022622
Duration: 0:01:10.039700
