Start: 2024-09-27 17:42:52.263589
End: 2024-09-27 17:42:52.898465
Duration: 0:00:00.634876
