Start: 2024-09-27 17:41:46.045070
End: 2024-09-27 17:42:52.158425
Duration: 0:01:06.113355
