Total Start: 2024-10-01 01:06:13.514252
Model Start: 2024-10-01 01:06:15.196214
Start: 2024-10-01 01:30:51.910963
End: 2024-10-01 01:33:23.022831
Duration: 0:02:31.111868
