Start: 2024-10-01 01:33:15.689684
End: 2024-10-01 01:33:19.733034
Duration: 0:00:04.043350
