Start: 2024-10-01 01:30:54.118081
End: 2024-10-01 01:33:14.615294
Duration: 0:02:20.497213
