Total Start: 2024-09-30 17:22:02.710994
Model Start: 2024-09-30 17:22:02.710999
Start: 2024-09-30 17:52:23.093410
End: 2024-09-30 17:56:03.290860
Duration: 0:03:40.197450
