Start: 2024-09-30 17:52:30.254063
End: 2024-09-30 17:55:59.507994
Duration: 0:03:29.253931
