Start: 2024-09-30 17:56:00.147338
End: 2024-09-30 17:56:01.606221
Duration: 0:00:01.458883
