Start: 2024-09-30 17:46:45.962433
End: 2024-09-30 17:49:28.046494
Duration: 0:02:42.084061
