Total Start: 2024-09-30 17:22:02.710994
Model Start: 2024-09-30 17:22:02.710999
Start: 2024-09-30 17:46:40.442779
End: 2024-09-30 17:49:32.096327
Duration: 0:02:51.653548
