Start: 2024-09-30 17:49:28.884000
End: 2024-09-30 17:49:30.237950
Duration: 0:00:01.353950
