Start: 2024-10-01 11:13:27.133310
End: 2024-10-01 11:20:35.005297
Duration: 0:07:07.871987
