Total Start: 2024-10-01 10:50:07.582259
Model Start: 2024-10-01 10:50:10.817060
Start: 2024-10-01 11:13:27.132510
End: 2024-10-01 11:20:47.626362
Duration: 0:07:20.493852
