Start: 2024-10-01 11:20:41.026695
End: 2024-10-01 11:20:47.618611
Duration: 0:00:06.591916
