Start: 2024-09-24 23:35:35.276621
End: 2024-09-24 23:35:35.826025
Duration: 0:00:00.549404
