Start: 2024-09-24 23:34:05.986889
End: 2024-09-24 23:35:35.167029
Duration: 0:01:29.180140
