Total Start: 2024-09-24 23:30:29.208445
Model Start: 2024-09-24 23:30:29.208449
Start: 2024-09-24 23:34:03.938068
End: 2024-09-24 23:35:37.311186
Duration: 0:01:33.373118
