Start: 2024-09-28 00:12:24.770234
End: 2024-09-28 00:12:25.448340
Duration: 0:00:00.678106
