Start: 2024-09-28 00:11:15.289907
End: 2024-09-28 00:12:24.664907
Duration: 0:01:09.375000
