Total Start: 2024-09-28 00:00:43.443002
Model Start: 2024-09-28 00:00:43.443006
Start: 2024-09-28 00:11:11.347760
End: 2024-09-28 00:12:26.711150
Duration: 0:01:15.363390
