Start: 2024-09-16 17:20:44.865889
End: 2024-09-16 17:30:40.715091
Duration: 0:09:55.849202
