Total Start: 2024-09-16 16:34:43.241323
Model Start: 2024-09-16 16:34:44.101856
Start: 2024-09-16 17:20:43.302145
End: 2024-09-16 17:30:44.188780
Duration: 0:10:00.886635
