Start: 2024-09-16 17:30:40.914735
End: 2024-09-16 17:30:42.080978
Duration: 0:00:01.166243
