Total Start: 2024-09-16 20:39:31.187347
Model Start: 2024-09-16 20:39:32.354137
Start: 2024-09-16 22:15:40.673664
End: 2024-09-16 22:23:32.222695
Duration: 0:07:51.549031
