Start: 2024-09-16 22:23:29.166211
End: 2024-09-16 22:23:30.361606
Duration: 0:00:01.195395
