Start: 2024-09-16 22:15:42.234615
End: 2024-09-16 22:23:28.922462
Duration: 0:07:46.687847
