Total Start: 2024-10-01 01:06:13.514252
Model Start: 2024-10-01 01:06:15.196214
Start: 2024-10-01 01:21:26.447947
End: 2024-10-01 01:23:32.105460
Duration: 0:02:05.657513
