Start: 2024-10-01 01:21:28.518898
End: 2024-10-01 01:23:23.277715
Duration: 0:01:54.758817
