Start: 2024-10-01 01:23:25.752732
End: 2024-10-01 01:23:28.970652
Duration: 0:00:03.217920
