Start: 2024-10-01 02:20:28.434183
End: 2024-10-01 02:20:32.867549
Duration: 0:00:04.433366
