Start: 2024-10-01 02:17:31.703927
End: 2024-10-01 02:20:27.425822
Duration: 0:02:55.721895
