Start: 2024-09-24 19:49:36.159248
End: 2024-09-24 19:49:36.831767
Duration: 0:00:00.672519
