Start: 2024-09-24 19:48:35.887239
End: 2024-09-24 19:49:36.045331
Duration: 0:01:00.158092
