Total Start: 2024-09-24 19:38:47.551090
Model Start: 2024-09-24 19:38:47.551094
Start: 2024-09-24 19:48:33.928287
End: 2024-09-24 19:49:38.041037
Duration: 0:01:04.112750
