Total Start: 2024-09-16 05:04:11.728917
Model Start: 2024-09-16 05:04:11.728920
Start: 2024-09-16 05:05:15.117082
End: 2024-09-16 05:05:55.169225
Duration: 0:00:40.052143
