Start: 2024-09-16 05:05:16.075813
End: 2024-09-16 05:05:53.389600
Duration: 0:00:37.313787
