Start: 2024-09-16 05:05:53.522692
End: 2024-09-16 05:05:54.026029
Duration: 0:00:00.503337
