Start: 2024-09-16 19:39:55.738022
End: 2024-09-16 19:39:57.334747
Duration: 0:00:01.596725
