Start: 2024-09-16 19:26:43.123665
End: 2024-09-16 19:39:55.517067
Duration: 0:13:12.393402
