Total Start: 2024-09-16 16:34:43.241323
Model Start: 2024-09-16 16:34:44.101856
Start: 2024-09-16 19:26:40.967486
End: 2024-09-16 19:40:00.526682
Duration: 0:13:19.559196
