Start: 2024-09-16 13:21:33.152182
End: 2024-09-16 13:24:42.624516
Duration: 0:03:09.472334
