Start: 2024-09-16 13:24:42.737616
End: 2024-09-16 13:24:43.525307
Duration: 0:00:00.787691
