Total Start: 2024-09-16 13:03:38.274023
Model Start: 2024-09-16 13:03:38.274026
Start: 2024-09-16 13:21:30.173726
End: 2024-09-16 13:24:46.141781
Duration: 0:03:15.968055
