Total Start: 2024-09-16 12:27:19.575562
Model Start: 2024-09-16 12:27:19.575564
Start: 2024-09-16 12:27:23.717609
End: 2024-09-16 12:28:22.102004
Duration: 0:00:58.384395
