Start: 2024-09-16 12:28:16.612990
End: 2024-09-16 12:28:20.754742
Duration: 0:00:04.141752
