Start: 2024-09-16 12:27:25.380899
End: 2024-09-16 12:28:16.468295
Duration: 0:00:51.087396
