Start: 2024-09-17 14:39:14.413341
End: 2024-09-17 14:43:00.021934
Duration: 0:03:45.608593
