Start: 2024-09-17 14:43:00.059048
End: 2024-09-17 14:43:05.717999
Duration: 0:00:05.658951
