Total Start: 2024-09-17 13:19:53.105080
Model Start: 2024-09-17 13:19:53.955682
Start: 2024-09-17 14:39:14.412299
End: 2024-09-17 14:43:05.727720
Duration: 0:03:51.315421
