Total Start: 2024-09-17 13:19:53.105080
Model Start: 2024-09-17 13:19:53.955682
Start: 2024-09-17 16:05:45.684533
End: 2024-09-17 16:10:49.887434
Duration: 0:05:04.202901
