Start: 2024-09-17 16:10:44.461279
End: 2024-09-17 16:10:49.877755
Duration: 0:00:05.416476
