Start: 2024-09-17 16:05:45.685153
End: 2024-09-17 16:10:44.384661
Duration: 0:04:58.699508
