Start: 2024-09-30 18:32:43.845510
End: 2024-09-30 18:32:47.448106
Duration: 0:00:03.602596
