Total Start: 2024-09-30 17:22:02.710994
Model Start: 2024-09-30 18:22:05.212762
Start: 2024-09-30 18:29:16.145859
End: 2024-09-30 18:32:50.306895
Duration: 0:03:34.161036
