Start: 2024-09-30 18:29:24.910417
End: 2024-09-30 18:32:38.547592
Duration: 0:03:13.637175
