Total Start: 2024-09-16 14:24:59.438522
Model Start: 2024-09-16 14:24:59.438525
Start: 2024-09-16 14:30:22.840118
End: 2024-09-16 14:34:13.968468
Duration: 0:03:51.128350
