Start: 2024-09-16 14:34:11.301717
End: 2024-09-16 14:34:11.891199
Duration: 0:00:00.589482
