Start: 2024-09-16 14:30:25.551152
End: 2024-09-16 14:34:11.185363
Duration: 0:03:45.634211
