Total Start: 2024-09-24 23:30:29.208445
Model Start: 2024-09-24 23:30:29.208449
Start: 2024-09-24 23:30:32.971372
End: 2024-09-24 23:31:37.619958
Duration: 0:01:04.648586
