Start: 2024-09-24 23:31:30.586018
End: 2024-09-24 23:31:36.297034
Duration: 0:00:05.711016
