Start: 2024-09-24 23:30:34.599912
End: 2024-09-24 23:31:30.479796
Duration: 0:00:55.879884
