Start: 2024-09-17 13:40:38.443905
End: 2024-09-17 13:40:43.914667
Duration: 0:00:05.470762
