Total Start: 2024-09-17 13:19:53.105080
Model Start: 2024-09-17 13:19:53.955682
Start: 2024-09-17 13:35:32.309993
End: 2024-09-17 13:40:43.922381
Duration: 0:05:11.612388
