Start: 2024-09-17 13:35:32.311067
End: 2024-09-17 13:40:38.382671
Duration: 0:05:06.071604
