Total Start: 2024-09-25 08:44:00.597600
Model Start: 2024-09-25 08:44:00.597603
Start: 2024-09-25 09:40:39.381870
End: 2024-09-25 09:42:03.654595
Duration: 0:01:24.272725
