Start: 2024-09-25 09:40:41.962495
End: 2024-09-25 09:42:00.186009
Duration: 0:01:18.223514
