Start: 2024-09-25 09:42:00.303864
End: 2024-09-25 09:42:01.693898
Duration: 0:00:01.390034
