Start: 2024-09-25 15:09:50.604427
End: 2024-09-25 15:11:21.565068
Duration: 0:01:30.960641
