Total Start: 2024-09-25 15:08:36.185709
Model Start: 2024-09-25 15:08:36.185711
Start: 2024-09-25 15:09:46.503349
End: 2024-09-25 15:11:23.204786
Duration: 0:01:36.701437
