Start: 2024-09-25 15:11:21.690833
End: 2024-09-25 15:11:22.184768
Duration: 0:00:00.493935
