Start: 2024-09-16 16:51:02.124858
End: 2024-09-16 16:51:02.845878
Duration: 0:00:00.721020
