Total Start: 2024-09-16 16:34:43.241323
Model Start: 2024-09-16 16:34:44.101856
Start: 2024-09-16 16:44:12.319588
End: 2024-09-16 16:51:04.406221
Duration: 0:06:52.086633
