Start: 2024-09-16 16:44:13.696533
End: 2024-09-16 16:51:01.920342
Duration: 0:06:48.223809
