Total Start: 2024-09-27 21:19:15.236173
Model Start: 2024-09-27 21:19:15.236176
Start: 2024-09-27 21:28:22.027757
End: 2024-09-27 21:29:36.161456
Duration: 0:01:14.133699
