Start: 2024-09-27 21:29:34.397249
End: 2024-09-27 21:29:35.000033
Duration: 0:00:00.602784
