Start: 2024-09-27 21:28:24.387769
End: 2024-09-27 21:29:34.297525
Duration: 0:01:09.909756
