Total Start: 2024-09-28 00:48:21.204854
Model Start: 2024-09-28 00:48:21.204858
Start: 2024-09-28 01:12:17.935454
End: 2024-09-28 01:14:02.667153
Duration: 0:01:44.731699
