Start: 2024-09-28 01:12:21.593924
End: 2024-09-28 01:13:59.731742
Duration: 0:01:38.137818
