Start: 2024-09-28 01:13:59.834287
End: 2024-09-28 01:14:00.894555
Duration: 0:00:01.060268
