Start: 2024-09-17 17:09:33.881223
End: 2024-09-17 17:13:42.354132
Duration: 0:04:08.472909
