Total Start: 2024-09-17 13:19:53.105080
Model Start: 2024-09-17 13:19:53.955682
Start: 2024-09-17 17:09:33.874440
End: 2024-09-17 17:13:47.936610
Duration: 0:04:14.062170
