Start: 2024-09-17 17:13:42.373359
End: 2024-09-17 17:13:47.921660
Duration: 0:00:05.548301
