Start: 2024-09-30 20:07:34.148848
End: 2024-09-30 20:07:35.742804
Duration: 0:00:01.593956
