Start: 2024-09-30 20:05:18.880358
End: 2024-09-30 20:07:33.885583
Duration: 0:02:15.005225
