Total Start: 2024-09-30 19:19:45.230615
Model Start: 2024-09-30 19:25:56.993873
Start: 2024-09-30 20:05:13.933035
End: 2024-09-30 20:07:38.146888
Duration: 0:02:24.213853
