Total Start: 2024-09-24 18:14:29.729863
Model Start: 2024-09-24 18:14:29.729869
Start: 2024-09-24 18:49:56.160527
End: 2024-09-24 18:50:37.994412
Duration: 0:00:41.833885
