Start: 2024-09-24 18:50:34.644114
End: 2024-09-24 18:50:35.920746
Duration: 0:00:01.276632
