Start: 2024-09-24 18:49:57.682117
End: 2024-09-24 18:50:34.538885
Duration: 0:00:36.856768
