Start: 2024-09-16 14:19:12.321775
End: 2024-09-16 14:19:13.850283
Duration: 0:00:01.528508
