Start: 2024-09-16 14:17:39.120083
End: 2024-09-16 14:19:12.213026
Duration: 0:01:33.092943
