Total Start: 2024-09-16 13:03:38.274023
Model Start: 2024-09-16 13:03:38.274026
Start: 2024-09-16 14:17:37.183890
End: 2024-09-16 14:19:16.344055
Duration: 0:01:39.160165
