Total Start: 2024-09-30 10:27:40.601156
Model Start: 2024-09-30 10:27:40.601160
Start: 2024-09-30 10:49:43.513272
End: 2024-09-30 10:56:08.267817
Duration: 0:06:24.754545
