Start: 2024-09-30 10:49:47.201285
End: 2024-09-30 10:56:05.233070
Duration: 0:06:18.031785
