Start: 2024-09-30 10:56:05.590062
End: 2024-09-30 10:56:06.581024
Duration: 0:00:00.990962
