Start: 2024-10-01 01:25:55.663547
End: 2024-10-01 01:25:59.071031
Duration: 0:00:03.407484
