Start: 2024-10-01 01:23:34.733114
End: 2024-10-01 01:25:54.539134
Duration: 0:02:19.806020
