Total Start: 2024-10-01 01:06:13.514252
Model Start: 2024-10-01 01:06:15.196214
Start: 2024-10-01 01:23:32.156583
End: 2024-10-01 01:26:01.808772
Duration: 0:02:29.652189
