Start: 2024-09-30 05:04:15.586917
End: 2024-09-30 05:08:20.544853
Duration: 0:04:04.957936
