Start: 2024-09-30 05:08:20.798567
End: 2024-09-30 05:08:21.470584
Duration: 0:00:00.672017
