Total Start: 2024-09-30 04:54:54.786574
Model Start: 2024-09-30 04:54:54.786578
Start: 2024-09-30 05:04:12.028764
End: 2024-09-30 05:08:22.508908
Duration: 0:04:10.480144
