Start: 2024-09-25 22:00:43.892381
End: 2024-09-25 22:00:53.979492
Duration: 0:00:10.087111
