Total Start: 2024-09-25 21:56:13.533277
Model Start: 2024-09-25 21:56:13.533281
Start: 2024-09-25 21:59:18.802526
End: 2024-09-25 22:00:55.647806
Duration: 0:01:36.845280
