Start: 2024-09-25 21:59:19.809909
End: 2024-09-25 22:00:43.668297
Duration: 0:01:23.858388
