Start: 2024-09-30 17:29:25.622631
End: 2024-09-30 17:29:26.458286
Duration: 0:00:00.835655
