Total Start: 2024-09-30 17:22:02.710994
Model Start: 2024-09-30 17:22:02.710999
Start: 2024-09-30 17:26:16.968755
End: 2024-09-30 17:29:27.699733
Duration: 0:03:10.730978
