Start: 2024-09-30 17:26:22.297649
End: 2024-09-30 17:29:24.944650
Duration: 0:03:02.647001
