Start: 2024-09-16 15:59:08.000787
End: 2024-09-16 16:04:33.187348
Duration: 0:05:25.186561
