Total Start: 2024-09-16 14:24:59.438522
Model Start: 2024-09-16 15:32:09.139359
Start: 2024-09-16 15:59:05.010951
End: 2024-09-16 16:04:37.053362
Duration: 0:05:32.042411
