Start: 2024-09-16 16:04:33.421626
End: 2024-09-16 16:04:34.875019
Duration: 0:00:01.453393
