Total Start: 2024-09-25 04:11:48.613439
Model Start: 2024-09-25 04:11:48.613442
Start: 2024-09-25 04:15:13.881143
End: 2024-09-25 04:16:45.215313
Duration: 0:01:31.334170
