Start: 2024-09-25 04:16:43.185819
End: 2024-09-25 04:16:43.725931
Duration: 0:00:00.540112
