Start: 2024-09-25 04:15:17.495646
End: 2024-09-25 04:16:43.083001
Duration: 0:01:25.587355
