Start: 2024-09-28 01:15:47.856408
End: 2024-09-28 01:15:48.716280
Duration: 0:00:00.859872
