Total Start: 2024-09-28 00:48:21.204854
Model Start: 2024-09-28 00:48:21.204858
Start: 2024-09-28 01:14:05.324818
End: 2024-09-28 01:15:50.391489
Duration: 0:01:45.066671
