Start: 2024-09-28 01:14:09.790196
End: 2024-09-28 01:15:47.754379
Duration: 0:01:37.964183
