Total Start: 2024-09-25 15:25:53.356327
Model Start: 2024-09-25 15:25:53.356330
Start: 2024-09-25 15:37:32.994494
End: 2024-09-25 15:38:22.809059
Duration: 0:00:49.814565
