Start: 2024-09-25 15:37:34.507590
End: 2024-09-25 15:38:20.853714
Duration: 0:00:46.346124
