Start: 2024-09-25 15:38:20.955892
End: 2024-09-25 15:38:21.606854
Duration: 0:00:00.650962
