Start: 2024-09-30 17:33:03.356720
End: 2024-09-30 17:33:04.265865
Duration: 0:00:00.909145
