Total Start: 2024-09-30 17:22:02.710994
Model Start: 2024-09-30 17:22:02.710999
Start: 2024-09-30 17:29:27.709858
End: 2024-09-30 17:33:05.470579
Duration: 0:03:37.760721
