Start: 2024-09-30 17:29:34.693333
End: 2024-09-30 17:33:02.746187
Duration: 0:03:28.052854
