Start: 2024-09-24 18:58:47.059655
End: 2024-09-24 18:58:48.445579
Duration: 0:00:01.385924
