Start: 2024-09-24 18:57:21.727131
End: 2024-09-24 18:58:46.964394
Duration: 0:01:25.237263
