Total Start: 2024-09-24 18:14:29.729863
Model Start: 2024-09-24 18:14:29.729869
Start: 2024-09-24 18:57:18.030557
End: 2024-09-24 18:58:50.895389
Duration: 0:01:32.864832
