Total Start: 2024-09-16 11:24:19.487206
Model Start: 2024-09-16 11:24:19.487209
Start: 2024-09-16 12:16:43.068021
End: 2024-09-16 12:19:11.182291
Duration: 0:02:28.114270
