Start: 2024-09-16 12:19:06.308705
End: 2024-09-16 12:19:08.126697
Duration: 0:00:01.817992
