Start: 2024-09-16 12:16:45.834815
End: 2024-09-16 12:19:05.947942
Duration: 0:02:20.113127
