Total Start: 2024-09-25 19:15:11.008655
Model Start: 2024-09-25 19:15:11.008660
Start: 2024-09-25 19:24:44.186396
End: 2024-09-25 19:26:42.050225
Duration: 0:01:57.863829
