Start: 2024-09-25 19:24:45.790990
End: 2024-09-25 19:26:39.234682
Duration: 0:01:53.443692
