Start: 2024-09-25 19:26:39.866410
End: 2024-09-25 19:26:40.543472
Duration: 0:00:00.677062
