Start: 2024-09-25 09:43:27.899144
End: 2024-09-25 09:45:20.394939
Duration: 0:01:52.495795
