Start: 2024-09-25 09:45:20.612457
End: 2024-09-25 09:45:22.067361
Duration: 0:00:01.454904
