Total Start: 2024-09-25 08:44:00.597600
Model Start: 2024-09-25 08:44:00.597603
Start: 2024-09-25 09:43:23.505242
End: 2024-09-25 09:45:24.366573
Duration: 0:02:00.861331
