Total Start: 2024-09-24 20:01:38.534831
Model Start: 2024-09-24 20:01:38.534833
Start: 2024-09-24 20:15:41.231718
End: 2024-09-24 20:16:45.015171
Duration: 0:01:03.783453
