Start: 2024-09-24 20:16:42.932346
End: 2024-09-24 20:16:43.713949
Duration: 0:00:00.781603
