Start: 2024-09-24 20:15:42.901825
End: 2024-09-24 20:16:42.830295
Duration: 0:00:59.928470
