Start: 2024-09-30 21:13:42.077012
End: 2024-09-30 21:16:13.903330
Duration: 0:02:31.826318
