Start: 2024-09-30 20:57:15.986390
End: 2024-09-30 21:13:41.721809
Duration: 0:16:25.735419
