Total Start: 2024-09-30 19:19:45.230615
Model Start: 2024-09-30 20:10:30.470989
Start: 2024-09-30 20:57:06.115279
End: 2024-09-30 21:16:16.836593
Duration: 0:19:10.721314
