Start: 2024-09-28 04:31:52.380693
End: 2024-09-28 04:31:53.118383
Duration: 0:00:00.737690
