Total Start: 2024-09-28 04:13:17.832768
Model Start: 2024-09-28 04:13:17.832771
Start: 2024-09-28 04:30:43.839057
End: 2024-09-28 04:31:54.405405
Duration: 0:01:10.566348
