Start: 2024-09-28 04:30:45.645974
End: 2024-09-28 04:31:52.220064
Duration: 0:01:06.574090
