Start: 2024-10-01 02:03:28.654320
End: 2024-10-01 02:03:59.386693
Duration: 0:00:30.732373
