Total Start: 2024-10-01 01:06:13.514252
Model Start: 2024-10-01 01:44:17.934168
Start: 2024-10-01 01:58:48.043252
End: 2024-10-01 02:04:04.101157
Duration: 0:05:16.057905
