Start: 2024-10-01 01:58:49.988012
End: 2024-10-01 02:03:28.371383
Duration: 0:04:38.383371
