Total Start: 2024-09-25 19:15:11.008655
Model Start: 2024-09-25 19:15:11.008660
Start: 2024-09-25 19:23:28.579253
End: 2024-09-25 19:24:42.331440
Duration: 0:01:13.752187
