Start: 2024-09-25 19:23:29.563955
End: 2024-09-25 19:24:40.044024
Duration: 0:01:10.480069
