Start: 2024-09-25 19:24:40.180561
End: 2024-09-25 19:24:40.870454
Duration: 0:00:00.689893
