Total Start: 2024-09-17 04:00:56.884117
Model Start: 2024-09-17 04:00:57.843650
Start: 2024-09-17 05:33:54.563243
End: 2024-09-17 05:45:22.951666
Duration: 0:11:28.388423
