Start: 2024-09-17 05:45:19.320000
End: 2024-09-17 05:45:20.385879
Duration: 0:00:01.065879
