Start: 2024-09-17 05:33:55.736847
End: 2024-09-17 05:45:19.112625
Duration: 0:11:23.375778
