Start: 2024-09-25 08:57:08.756423
End: 2024-09-25 08:57:09.409578
Duration: 0:00:00.653155
