Start: 2024-09-25 08:55:50.163722
End: 2024-09-25 08:57:08.660780
Duration: 0:01:18.497058
