Total Start: 2024-09-25 08:44:00.597600
Model Start: 2024-09-25 08:44:00.597603
Start: 2024-09-25 08:55:47.189154
End: 2024-09-25 08:57:10.640038
Duration: 0:01:23.450884
