Total Start: 2024-09-25 08:44:00.597600
Model Start: 2024-09-25 08:44:00.597603
Start: 2024-09-25 09:08:18.936275
End: 2024-09-25 09:09:33.207514
Duration: 0:01:14.271239
