Start: 2024-09-25 09:08:22.277535
End: 2024-09-25 09:09:30.537741
Duration: 0:01:08.260206
