Start: 2024-09-25 09:09:30.631630
End: 2024-09-25 09:09:31.495252
Duration: 0:00:00.863622
