Start: 2024-09-25 08:54:56.347786
End: 2024-09-25 08:55:43.353702
Duration: 0:00:47.005916
