Total Start: 2024-09-25 08:44:00.597600
Model Start: 2024-09-25 08:44:00.597603
Start: 2024-09-25 08:54:54.645486
End: 2024-09-25 08:55:45.209984
Duration: 0:00:50.564498
