Start: 2024-09-25 08:55:43.485119
End: 2024-09-25 08:55:44.110910
Duration: 0:00:00.625791
