Total Start: 2024-09-24 18:14:29.729863
Model Start: 2024-09-24 18:14:29.729869
Start: 2024-09-24 18:19:59.257510
End: 2024-09-24 18:21:03.519693
Duration: 0:01:04.262183
