Start: 2024-09-24 18:20:01.518998
End: 2024-09-24 18:21:01.665459
Duration: 0:01:00.146461
