Start: 2024-09-24 18:21:01.763386
End: 2024-09-24 18:21:02.350036
Duration: 0:00:00.586650
