Start: 2024-09-24 18:39:25.115851
End: 2024-09-24 18:39:26.105987
Duration: 0:00:00.990136
