Start: 2024-09-24 18:38:31.837984
End: 2024-09-24 18:39:25.006717
Duration: 0:00:53.168733
