Total Start: 2024-09-24 18:14:29.729863
Model Start: 2024-09-24 18:14:29.729869
Start: 2024-09-24 18:38:29.106394
End: 2024-09-24 18:39:27.984922
Duration: 0:00:58.878528
