Total Start: 2024-09-17 13:19:53.105080
Model Start: 2024-09-17 13:19:53.955682
Start: 2024-09-17 14:25:14.561845
End: 2024-09-17 14:29:13.009314
Duration: 0:03:58.447469
