Start: 2024-09-17 14:25:14.562309
End: 2024-09-17 14:29:07.089795
Duration: 0:03:52.527486
