Start: 2024-09-17 14:29:07.119134
End: 2024-09-17 14:29:13.001046
Duration: 0:00:05.881912
