Total Start: 2024-09-16 16:34:43.241323
Model Start: 2024-09-16 16:34:44.101856
Start: 2024-09-16 19:13:20.550790
End: 2024-09-16 19:26:37.505859
Duration: 0:13:16.955069
