Start: 2024-09-16 19:26:33.013914
End: 2024-09-16 19:26:34.556505
Duration: 0:00:01.542591
