Start: 2024-09-16 19:13:22.724033
End: 2024-09-16 19:26:32.635154
Duration: 0:13:09.911121
