Start: 2024-09-24 18:32:53.639109
End: 2024-09-24 18:32:54.476567
Duration: 0:00:00.837458
