Start: 2024-09-24 18:32:16.669367
End: 2024-09-24 18:32:53.528242
Duration: 0:00:36.858875
