Total Start: 2024-09-24 18:14:29.729863
Model Start: 2024-09-24 18:14:29.729869
Start: 2024-09-24 18:32:14.709201
End: 2024-09-24 18:32:55.833636
Duration: 0:00:41.124435
