Start: 2024-09-16 12:10:58.691313
End: 2024-09-16 12:12:35.956907
Duration: 0:01:37.265594
