Start: 2024-09-16 12:12:36.068463
End: 2024-09-16 12:12:44.366797
Duration: 0:00:08.298334
