Total Start: 2024-09-16 11:24:19.487206
Model Start: 2024-09-16 11:24:19.487209
Start: 2024-09-16 12:10:57.667773
End: 2024-09-16 12:12:46.964313
Duration: 0:01:49.296540
