Start: 2024-09-30 17:52:19.965811
End: 2024-09-30 17:52:21.263021
Duration: 0:00:01.297210
