Total Start: 2024-09-30 17:22:02.710994
Model Start: 2024-09-30 17:22:02.710999
Start: 2024-09-30 17:49:32.113058
End: 2024-09-30 17:52:23.060947
Duration: 0:02:50.947889
