Start: 2024-09-30 17:49:37.232648
End: 2024-09-30 17:52:19.492284
Duration: 0:02:42.259636
