Start: 2024-10-01 12:00:37.417251
End: 2024-10-01 12:00:43.424813
Duration: 0:00:06.007562
