Start: 2024-10-01 11:55:21.615538
End: 2024-10-01 12:00:37.334276
Duration: 0:05:15.718738
