Total Start: 2024-10-01 10:50:07.582259
Model Start: 2024-10-01 10:50:10.817060
Start: 2024-10-01 11:55:21.613535
End: 2024-10-01 12:00:43.430852
Duration: 0:05:21.817317
