Start: 2024-09-16 22:48:23.746406
End: 2024-09-16 22:48:25.016662
Duration: 0:00:01.270256
