Start: 2024-09-16 22:37:34.269770
End: 2024-09-16 22:48:23.519713
Duration: 0:10:49.249943
