Total Start: 2024-09-16 20:39:31.187347
Model Start: 2024-09-16 20:39:32.354137
Start: 2024-09-16 22:37:32.605189
End: 2024-09-16 22:48:27.042648
Duration: 0:10:54.437459
