Start: 2024-09-16 23:08:58.766582
End: 2024-09-16 23:18:06.277634
Duration: 0:09:07.511052
