Start: 2024-09-16 23:18:06.489495
End: 2024-09-16 23:18:07.928248
Duration: 0:00:01.438753
