Total Start: 2024-09-16 20:39:31.187347
Model Start: 2024-09-16 20:39:32.354137
Start: 2024-09-16 23:08:57.632914
End: 2024-09-16 23:18:10.494637
Duration: 0:09:12.861723
