Start: 2024-09-22 01:42:29.991815
End: 2024-09-22 01:43:29.718030
Duration: 0:00:59.726215
