Total Start: 2024-09-22 01:33:19.808510
Model Start: 2024-09-22 01:33:19.808513
Start: 2024-09-22 01:42:28.409961
End: 2024-09-22 01:43:31.692354
Duration: 0:01:03.282393
