Start: 2024-09-22 01:43:29.822640
End: 2024-09-22 01:43:30.488541
Duration: 0:00:00.665901
