Start: 2024-09-16 20:25:43.586845
End: 2024-09-16 20:25:45.663228
Duration: 0:00:02.076383
