Start: 2024-09-16 20:17:46.735102
End: 2024-09-16 20:25:43.323947
Duration: 0:07:56.588845
