Total Start: 2024-09-16 16:34:43.241323
Model Start: 2024-09-16 16:34:44.101856
Start: 2024-09-16 20:17:44.318568
End: 2024-09-16 20:25:49.029539
Duration: 0:08:04.710971
