Total Start: 2024-09-25 04:11:48.613439
Model Start: 2024-09-25 04:11:48.613442
Start: 2024-09-25 04:17:31.056294
End: 2024-09-25 04:18:35.058543
Duration: 0:01:04.002249
