Start: 2024-09-25 04:17:32.783222
End: 2024-09-25 04:18:33.177924
Duration: 0:01:00.394702
