Start: 2024-09-25 04:18:33.297762
End: 2024-09-25 04:18:33.876103
Duration: 0:00:00.578341
