Start: 2024-09-30 23:05:30.719141
End: 2024-09-30 23:16:50.207264
Duration: 0:11:19.488123
