Start: 2024-09-30 23:16:50.841926
End: 2024-09-30 23:16:52.073483
Duration: 0:00:01.231557
