Start: 2024-09-25 09:40:33.884556
End: 2024-09-25 09:40:35.247469
Duration: 0:00:01.362913
