Start: 2024-09-25 09:39:47.384086
End: 2024-09-25 09:40:33.737924
Duration: 0:00:46.353838
