Total Start: 2024-09-25 08:44:00.597600
Model Start: 2024-09-25 08:44:00.597603
Start: 2024-09-25 09:39:44.220128
End: 2024-09-25 09:40:37.163749
Duration: 0:00:52.943621
