Start: 2024-09-24 19:47:53.374465
End: 2024-09-24 19:48:29.945886
Duration: 0:00:36.571421
