Start: 2024-09-24 19:48:30.044966
End: 2024-09-24 19:48:30.705913
Duration: 0:00:00.660947
