Total Start: 2024-09-24 19:38:47.551090
Model Start: 2024-09-24 19:38:47.551094
Start: 2024-09-24 19:47:52.144699
End: 2024-09-24 19:48:31.932350
Duration: 0:00:39.787651
