Start: 2024-09-16 17:20:38.046528
End: 2024-09-16 17:20:39.040058
Duration: 0:00:00.993530
