Start: 2024-09-16 17:10:40.506928
End: 2024-09-16 17:20:37.747560
Duration: 0:09:57.240632
