Total Start: 2024-09-16 16:34:43.241323
Model Start: 2024-09-16 16:34:44.101856
Start: 2024-09-16 17:10:38.918524
End: 2024-09-16 17:20:41.225704
Duration: 0:10:02.307180
