Start: 2024-09-24 19:41:51.429836
End: 2024-09-24 19:41:57.066897
Duration: 0:00:05.637061
