Start: 2024-09-24 19:40:57.078086
End: 2024-09-24 19:41:51.308279
Duration: 0:00:54.230193
