Total Start: 2024-09-24 19:38:47.551090
Model Start: 2024-09-24 19:38:47.551094
Start: 2024-09-24 19:40:55.083164
End: 2024-09-24 19:41:58.409576
Duration: 0:01:03.326412
