Total Start: 2024-09-22 16:33:54.458186
Model Start: 2024-09-22 16:33:54.458189
Start: 2024-09-22 16:37:16.741766
End: 2024-09-22 16:39:04.014881
Duration: 0:01:47.273115
