Start: 2024-09-22 16:37:17.823013
End: 2024-09-22 16:38:51.969098
Duration: 0:01:34.146085
