Start: 2024-09-22 16:38:52.068359
End: 2024-09-22 16:39:01.783405
Duration: 0:00:09.715046
