Start: 2024-09-25 19:21:14.921697
End: 2024-09-25 19:22:01.427519
Duration: 0:00:46.505822
