Start: 2024-09-25 19:22:01.536489
End: 2024-09-25 19:22:02.093210
Duration: 0:00:00.556721
