Total Start: 2024-09-25 19:15:11.008655
Model Start: 2024-09-25 19:15:11.008660
Start: 2024-09-25 19:21:14.184329
End: 2024-09-25 19:22:03.225529
Duration: 0:00:49.041200
