Total Start: 2024-09-16 16:34:43.241323
Model Start: 2024-09-16 16:34:44.101856
Start: 2024-09-16 19:40:04.461477
End: 2024-09-16 19:45:22.052117
Duration: 0:05:17.590640
