Start: 2024-09-16 19:45:17.769253
End: 2024-09-16 19:45:19.270342
Duration: 0:00:01.501089
