Start: 2024-09-16 19:40:06.221739
End: 2024-09-16 19:45:17.577749
Duration: 0:05:11.356010
