Start: 2024-09-17 00:03:50.773494
End: 2024-09-17 00:15:00.376238
Duration: 0:11:09.602744
