Start: 2024-09-17 00:15:00.609742
End: 2024-09-17 00:15:02.351753
Duration: 0:00:01.742011
