Total Start: 2024-09-16 20:39:31.187347
Model Start: 2024-09-16 20:39:32.354137
Start: 2024-09-17 00:03:48.970664
End: 2024-09-17 00:15:04.769734
Duration: 0:11:15.799070
