Start: 2024-09-17 18:05:05.892511
End: 2024-09-17 18:05:11.451435
Duration: 0:00:05.558924
