Total Start: 2024-09-17 13:19:53.105080
Model Start: 2024-09-17 13:19:53.955682
Start: 2024-09-17 17:59:24.025150
End: 2024-09-17 18:05:11.457934
Duration: 0:05:47.432784
