Start: 2024-09-17 17:59:24.027472
End: 2024-09-17 18:05:05.862079
Duration: 0:05:41.834607
