Total Start: 2024-09-16 16:34:43.241323
Model Start: 2024-09-16 16:34:44.101856
Start: 2024-09-16 16:58:02.702859
End: 2024-09-16 17:04:32.271268
Duration: 0:06:29.568409
