Start: 2024-09-16 16:58:03.777811
End: 2024-09-16 17:04:01.304056
Duration: 0:05:57.526245
