Start: 2024-09-16 17:04:01.502149
End: 2024-09-16 17:04:30.160722
Duration: 0:00:28.658573
