Start: 2024-09-30 22:23:03.841845
End: 2024-09-30 22:52:59.496650
Duration: 0:29:55.654805
