Start: 2024-09-30 22:53:00.015035
End: 2024-09-30 22:53:05.541760
Duration: 0:00:05.526725
