Total Start: 2024-09-30 19:19:45.230615
Model Start: 2024-09-30 20:10:30.470989
Start: 2024-09-30 22:22:58.847979
End: 2024-09-30 22:53:08.360043
Duration: 0:30:09.512064
