Total Start: 2024-09-17 13:19:53.105080
Model Start: 2024-09-17 13:19:53.955682
Start: 2024-09-17 16:34:05.118655
End: 2024-09-17 16:38:22.984709
Duration: 0:04:17.866054
