Start: 2024-09-17 16:34:05.119966
End: 2024-09-17 16:38:17.268203
Duration: 0:04:12.148237
