Start: 2024-09-17 16:38:17.388990
End: 2024-09-17 16:38:22.968488
Duration: 0:00:05.579498
