Start: 2024-09-30 10:41:06.629361
End: 2024-09-30 10:45:19.672739
Duration: 0:04:13.043378
