Start: 2024-09-30 10:45:20.002634
End: 2024-09-30 10:45:20.665488
Duration: 0:00:00.662854
