Total Start: 2024-09-30 10:27:40.601156
Model Start: 2024-09-30 10:27:40.601160
Start: 2024-09-30 10:41:01.136711
End: 2024-09-30 10:45:21.804996
Duration: 0:04:20.668285
