Total Start: 2024-09-30 19:19:45.230615
Model Start: 2024-09-30 20:10:30.470989
Start: 2024-09-30 21:47:15.166598
End: 2024-09-30 22:03:23.626775
Duration: 0:16:08.460177
