Start: 2024-09-30 22:03:16.373143
End: 2024-09-30 22:03:20.682123
Duration: 0:00:04.308980
