Start: 2024-09-30 21:47:19.759872
End: 2024-09-30 22:03:15.701409
Duration: 0:15:55.941537
