Start: 2024-09-28 04:36:04.502872
End: 2024-09-28 04:36:05.330033
Duration: 0:00:00.827161
