Start: 2024-09-28 04:34:29.181977
End: 2024-09-28 04:36:04.380967
Duration: 0:01:35.198990
