Total Start: 2024-09-28 04:13:17.832768
Model Start: 2024-09-28 04:13:17.832771
Start: 2024-09-28 04:34:24.954657
End: 2024-09-28 04:36:07.057139
Duration: 0:01:42.102482
