Total Start: 2024-09-16 16:34:43.241323
Model Start: 2024-09-16 16:34:44.101856
Start: 2024-09-16 20:25:52.792075
End: 2024-09-16 20:39:17.322849
Duration: 0:13:24.530774
