Start: 2024-09-16 20:25:57.313754
End: 2024-09-16 20:39:11.914746
Duration: 0:13:14.600992
