Start: 2024-09-16 20:39:12.165913
End: 2024-09-16 20:39:14.039018
Duration: 0:00:01.873105
