Total Start: 2024-09-25 19:15:11.008655
Model Start: 2024-09-25 19:15:11.008660
Start: 2024-09-25 19:30:25.879109
End: 2024-09-25 19:32:29.059869
Duration: 0:02:03.180760
