Start: 2024-09-25 19:32:26.574232
End: 2024-09-25 19:32:27.368215
Duration: 0:00:00.793983
