Start: 2024-09-25 19:30:27.460027
End: 2024-09-25 19:32:26.469390
Duration: 0:01:59.009363
