Start: 2024-09-30 18:22:11.363212
End: 2024-09-30 18:25:46.534208
Duration: 0:03:35.170996
