Start: 2024-09-30 18:25:51.199112
End: 2024-09-30 18:26:01.120602
Duration: 0:00:09.921490
