Total Start: 2024-09-30 17:22:02.710994
Model Start: 2024-09-30 18:22:05.212762
Start: 2024-09-30 18:22:06.474209
End: 2024-09-30 18:26:03.458697
Duration: 0:03:56.984488
