Total Start: 2024-09-30 17:22:02.710994
Model Start: 2024-09-30 17:22:02.710999
Start: 2024-09-30 18:19:15.266292
End: 2024-09-30 18:22:05.193701
Duration: 0:02:49.927409
