Start: 2024-09-30 18:22:00.793884
End: 2024-09-30 18:22:02.771958
Duration: 0:00:01.978074
