Start: 2024-09-30 18:19:17.265817
End: 2024-09-30 18:22:00.400947
Duration: 0:02:43.135130
