Total Start: 2024-09-28 04:13:17.832768
Model Start: 2024-09-28 04:13:17.832771
Start: 2024-09-28 04:48:07.079997
End: 2024-09-28 04:49:18.335089
Duration: 0:01:11.255092
