Start: 2024-09-28 04:49:15.601057
End: 2024-09-28 04:49:16.631349
Duration: 0:00:01.030292
