Start: 2024-09-28 04:48:08.796594
End: 2024-09-28 04:49:15.477797
Duration: 0:01:06.681203
