Start: 2024-09-25 19:27:32.819290
End: 2024-09-25 19:27:33.524802
Duration: 0:00:00.705512
