Start: 2024-09-25 19:26:44.704468
End: 2024-09-25 19:27:32.525227
Duration: 0:00:47.820759
