Total Start: 2024-09-25 19:15:11.008655
Model Start: 2024-09-25 19:15:11.008660
Start: 2024-09-25 19:26:43.999664
End: 2024-09-25 19:27:34.845661
Duration: 0:00:50.845997
