Start: 2024-09-26 11:40:56.197401
End: 2024-09-26 11:40:56.779826
Duration: 0:00:00.582425
