Start: 2024-09-26 11:39:06.720266
End: 2024-09-26 11:40:56.089441
Duration: 0:01:49.369175
