Total Start: 2024-09-26 11:33:46.389357
Model Start: 2024-09-26 11:33:46.389360
Start: 2024-09-26 11:39:04.862552
End: 2024-09-26 11:40:57.830972
Duration: 0:01:52.968420
