Start: 2024-09-16 13:36:34.697664
End: 2024-09-16 13:36:35.594364
Duration: 0:00:00.896700
