Start: 2024-09-16 13:35:12.636539
End: 2024-09-16 13:36:34.582219
Duration: 0:01:21.945680
