Total Start: 2024-09-16 13:03:38.274023
Model Start: 2024-09-16 13:03:38.274026
Start: 2024-09-16 13:35:11.099838
End: 2024-09-16 13:36:37.375333
Duration: 0:01:26.275495
