Total Start: 2024-09-16 16:34:43.241323
Model Start: 2024-09-16 16:34:44.101856
Start: 2024-09-16 18:15:23.475785
End: 2024-09-16 18:25:29.936494
Duration: 0:10:06.460709
