Start: 2024-09-16 18:25:26.164423
End: 2024-09-16 18:25:27.440379
Duration: 0:00:01.275956
