Start: 2024-09-16 18:15:24.976870
End: 2024-09-16 18:25:25.986162
Duration: 0:10:01.009292
