Start: 2024-09-27 17:39:09.596635
End: 2024-09-27 17:39:10.153749
Duration: 0:00:00.557114
