Start: 2024-09-27 17:38:03.640595
End: 2024-09-27 17:39:09.495985
Duration: 0:01:05.855390
