Total Start: 2024-09-27 17:31:40.691707
Model Start: 2024-09-27 17:31:40.691711
Start: 2024-09-27 17:38:01.578412
End: 2024-09-27 17:39:11.232001
Duration: 0:01:09.653589
