Total Start: 2024-09-27 18:22:37.725424
Model Start: 2024-09-27 18:22:37.725427
Start: 2024-09-27 18:22:41.304952
End: 2024-09-27 18:24:38.037201
Duration: 0:01:56.732249
