Start: 2024-09-27 18:22:42.981120
End: 2024-09-27 18:24:31.131705
Duration: 0:01:48.150585
