Start: 2024-09-27 18:24:31.231975
End: 2024-09-27 18:24:36.475793
Duration: 0:00:05.243818
