Total Start: 2024-09-16 13:03:38.274023
Model Start: 2024-09-16 13:03:38.274026
Start: 2024-09-16 13:43:16.932954
End: 2024-09-16 13:44:53.580807
Duration: 0:01:36.647853
