Start: 2024-09-16 13:44:50.918057
End: 2024-09-16 13:44:51.962859
Duration: 0:00:01.044802
