Start: 2024-09-16 13:43:18.661531
End: 2024-09-16 13:44:50.793221
Duration: 0:01:32.131690
