Start: 2024-09-17 00:26:42.877391
End: 2024-09-17 00:36:55.528768
Duration: 0:10:12.651377
