Total Start: 2024-09-16 20:39:31.187347
Model Start: 2024-09-16 20:39:32.354137
Start: 2024-09-17 00:26:41.063536
End: 2024-09-17 00:37:01.107784
Duration: 0:10:20.044248
