Start: 2024-09-17 00:36:55.853469
End: 2024-09-17 00:36:57.962563
Duration: 0:00:02.109094
