Total Start: 2024-09-25 08:44:00.597600
Model Start: 2024-09-25 08:44:00.597603
Start: 2024-09-25 09:00:30.013460
End: 2024-09-25 09:01:19.595653
Duration: 0:00:49.582193
