Start: 2024-09-25 09:01:17.632472
End: 2024-09-25 09:01:18.344422
Duration: 0:00:00.711950
