Start: 2024-09-25 09:00:31.695424
End: 2024-09-25 09:01:17.538101
Duration: 0:00:45.842677
