Start: 2024-09-24 18:48:16.579115
End: 2024-09-24 18:48:17.804076
Duration: 0:00:01.224961
