Total Start: 2024-09-24 18:14:29.729863
Model Start: 2024-09-24 18:14:29.729869
Start: 2024-09-24 18:47:19.648315
End: 2024-09-24 18:48:20.160379
Duration: 0:01:00.512064
