Start: 2024-09-24 18:47:22.751338
End: 2024-09-24 18:48:16.457754
Duration: 0:00:53.706416
