Start: 2024-10-01 12:00:43.442370
End: 2024-10-01 12:06:25.363029
Duration: 0:05:41.920659
