Total Start: 2024-10-01 10:50:07.582259
Model Start: 2024-10-01 10:50:10.817060
Start: 2024-10-01 12:00:43.441629
End: 2024-10-01 12:06:33.484041
Duration: 0:05:50.042412
