Start: 2024-10-01 12:06:27.408478
End: 2024-10-01 12:06:33.478633
Duration: 0:00:06.070155
