Start: 2024-09-25 14:38:44.882804
End: 2024-09-25 14:38:45.521649
Duration: 0:00:00.638845
