Total Start: 2024-09-25 14:27:09.423176
Model Start: 2024-09-25 14:27:09.423178
Start: 2024-09-25 14:36:50.471766
End: 2024-09-25 14:38:47.003545
Duration: 0:01:56.531779
