Start: 2024-09-25 14:36:52.741791
End: 2024-09-25 14:38:44.778375
Duration: 0:01:52.036584
