Start: 2024-09-16 16:20:08.006571
End: 2024-09-16 16:20:09.798754
Duration: 0:00:01.792183
