Total Start: 2024-09-16 14:24:59.438522
Model Start: 2024-09-16 15:32:09.139359
Start: 2024-09-16 16:16:50.613899
End: 2024-09-16 16:20:12.025332
Duration: 0:03:21.411433
