Start: 2024-09-16 16:16:52.587487
End: 2024-09-16 16:20:07.805998
Duration: 0:03:15.218511
