Start: 2024-09-24 18:15:35.801448
End: 2024-09-24 18:16:36.923599
Duration: 0:01:01.122151
