Total Start: 2024-09-24 18:14:29.729863
Model Start: 2024-09-24 18:14:29.729869
Start: 2024-09-24 18:15:32.075028
End: 2024-09-24 18:16:38.560208
Duration: 0:01:06.485180
