Start: 2024-09-24 18:16:37.038608
End: 2024-09-24 18:16:37.526711
Duration: 0:00:00.488103
