Start: 2024-09-17 15:14:34.930311
End: 2024-09-17 15:14:40.787331
Duration: 0:00:05.857020
