Start: 2024-09-17 15:09:20.137099
End: 2024-09-17 15:14:34.905175
Duration: 0:05:14.768076
