Total Start: 2024-09-17 13:19:53.105080
Model Start: 2024-09-17 13:19:53.955682
Start: 2024-09-17 15:09:20.135911
End: 2024-09-17 15:14:40.796467
Duration: 0:05:20.660556
