Start: 2024-09-28 00:56:17.634962
End: 2024-09-28 00:56:18.226812
Duration: 0:00:00.591850
