Start: 2024-09-28 00:55:06.787401
End: 2024-09-28 00:56:17.533321
Duration: 0:01:10.745920
