Total Start: 2024-09-28 00:48:21.204854
Model Start: 2024-09-28 00:48:21.204858
Start: 2024-09-28 00:55:04.973843
End: 2024-09-28 00:56:19.324806
Duration: 0:01:14.350963
