Total Start: 2024-09-16 13:03:38.274023
Model Start: 2024-09-16 13:03:38.274026
Start: 2024-09-16 14:11:59.858836
End: 2024-09-16 14:15:54.045833
Duration: 0:03:54.186997
