Start: 2024-09-16 14:12:04.636442
End: 2024-09-16 14:15:49.217165
Duration: 0:03:44.580723
