Start: 2024-09-16 14:15:49.331623
End: 2024-09-16 14:15:50.806765
Duration: 0:00:01.475142
