Start: 2024-09-25 14:41:04.487529
End: 2024-09-25 14:41:05.171585
Duration: 0:00:00.684056
