Start: 2024-09-25 14:39:44.742917
End: 2024-09-25 14:41:04.349573
Duration: 0:01:19.606656
