Total Start: 2024-09-25 14:27:09.423176
Model Start: 2024-09-25 14:27:09.423178
Start: 2024-09-25 14:39:42.443567
End: 2024-09-25 14:41:06.390203
Duration: 0:01:23.946636
