Start: 2024-09-30 19:46:23.326077
End: 2024-09-30 19:48:15.859118
Duration: 0:01:52.533041
