Start: 2024-09-30 19:48:16.366035
End: 2024-09-30 19:48:17.630115
Duration: 0:00:01.264080
