Start: 2024-09-24 19:46:23.676222
End: 2024-09-24 19:47:47.890053
Duration: 0:01:24.213831
