Total Start: 2024-09-24 19:38:47.551090
Model Start: 2024-09-24 19:38:47.551094
Start: 2024-09-24 19:46:21.102971
End: 2024-09-24 19:47:50.152443
Duration: 0:01:29.049472
