Start: 2024-09-24 19:47:47.996453
End: 2024-09-24 19:47:48.646394
Duration: 0:00:00.649941
