Start: 2024-09-17 04:21:58.121469
End: 2024-09-17 04:40:53.292331
Duration: 0:18:55.170862
