Start: 2024-09-17 04:40:53.531768
End: 2024-09-17 04:40:54.560097
Duration: 0:00:01.028329
