Total Start: 2024-09-17 04:00:56.884117
Model Start: 2024-09-17 04:00:57.843650
Start: 2024-09-17 04:21:56.179750
End: 2024-09-17 04:40:56.899490
Duration: 0:19:00.719740
