Start: 2024-09-16 13:38:52.934273
End: 2024-09-16 13:38:53.862460
Duration: 0:00:00.928187
