Total Start: 2024-09-16 13:03:38.274023
Model Start: 2024-09-16 13:03:38.274026
Start: 2024-09-16 13:36:39.377503
End: 2024-09-16 13:38:55.745162
Duration: 0:02:16.367659
