Start: 2024-09-16 13:36:41.075951
End: 2024-09-16 13:38:52.838053
Duration: 0:02:11.762102
