Total Start: 2024-09-30 17:22:02.710994
Model Start: 2024-09-30 18:22:05.212762
Start: 2024-09-30 18:55:52.424066
End: 2024-09-30 18:59:27.552940
Duration: 0:03:35.128874
