Start: 2024-09-30 18:55:59.719371
End: 2024-09-30 18:59:13.616369
Duration: 0:03:13.896998
