Start: 2024-09-30 18:59:17.339009
End: 2024-09-30 18:59:22.924473
Duration: 0:00:05.585464
