Start: 2024-09-24 18:36:34.476375
End: 2024-09-24 18:36:35.414183
Duration: 0:00:00.937808
