Start: 2024-09-24 18:35:09.527096
End: 2024-09-24 18:36:34.370168
Duration: 0:01:24.843072
