Total Start: 2024-09-24 18:14:29.729863
Model Start: 2024-09-24 18:14:29.729869
Start: 2024-09-24 18:35:07.231197
End: 2024-09-24 18:36:37.428606
Duration: 0:01:30.197409
