Start: 2024-09-17 11:42:26.124087
End: 2024-09-17 11:47:24.368007
Duration: 0:04:58.243920
