Total Start: 2024-09-17 11:36:44.841026
Model Start: 2024-09-17 11:36:45.713764
Start: 2024-09-17 11:42:26.122522
End: 2024-09-17 11:47:31.906401
Duration: 0:05:05.783879
