Start: 2024-09-17 11:47:26.381131
End: 2024-09-17 11:47:31.890881
Duration: 0:00:05.509750
