Total Start: 2024-10-01 01:06:13.514252
Model Start: 2024-10-01 01:44:17.934168
Start: 2024-10-01 02:04:04.122679
End: 2024-10-01 02:08:21.984234
Duration: 0:04:17.861555
