Start: 2024-10-01 02:08:13.186596
End: 2024-10-01 02:08:17.339898
Duration: 0:00:04.153302
