Start: 2024-10-01 02:04:05.996581
End: 2024-10-01 02:08:12.864598
Duration: 0:04:06.868017
