Start: 2024-09-17 14:04:01.332654
End: 2024-09-17 14:08:43.547285
Duration: 0:04:42.214631
