Total Start: 2024-09-17 13:19:53.105080
Model Start: 2024-09-17 13:19:53.955682
Start: 2024-09-17 14:04:01.330417
End: 2024-09-17 14:08:49.542020
Duration: 0:04:48.211603
