Start: 2024-09-17 14:08:43.632298
End: 2024-09-17 14:08:49.530321
Duration: 0:00:05.898023
