Start: 2024-09-28 15:21:20.408311
End: 2024-09-28 15:22:46.239364
Duration: 0:01:25.831053
