Start: 2024-09-28 15:22:46.381805
End: 2024-09-28 15:22:51.261052
Duration: 0:00:04.879247
