Total Start: 2024-09-28 15:21:13.023243
Model Start: 2024-09-28 15:21:13.023246
Start: 2024-09-28 15:21:18.223220
End: 2024-09-28 15:22:53.170158
Duration: 0:01:34.946938
