Total Start: 2024-09-16 20:39:31.187347
Model Start: 2024-09-16 20:39:32.354137
Start: 2024-09-16 20:54:37.298813
End: 2024-09-16 20:59:09.128289
Duration: 0:04:31.829476
