Start: 2024-09-16 20:54:39.127764
End: 2024-09-16 20:58:39.443057
Duration: 0:04:00.315293
