Start: 2024-09-16 20:58:39.654226
End: 2024-09-16 20:59:07.888525
Duration: 0:00:28.234299
