Start: 2024-09-17 03:04:41.589710
End: 2024-09-17 03:04:44.329155
Duration: 0:00:02.739445
