Start: 2024-09-17 02:32:15.509352
End: 2024-09-17 03:04:41.387672
Duration: 0:32:25.878320
