Total Start: 2024-09-16 20:39:31.187347
Model Start: 2024-09-16 20:39:32.354137
Start: 2024-09-17 02:32:12.155623
End: 2024-09-17 03:04:47.125554
Duration: 0:32:34.969931
