Total Start: 2024-10-01 01:06:13.514252
Model Start: 2024-10-01 01:06:15.196214
Start: 2024-10-01 01:11:20.313163
End: 2024-10-01 01:13:47.226708
Duration: 0:02:26.913545
