Start: 2024-10-01 01:13:43.334113
End: 2024-10-01 01:13:45.698155
Duration: 0:00:02.364042
