Start: 2024-10-01 01:11:22.957410
End: 2024-10-01 01:13:42.208682
Duration: 0:02:19.251272
