Start: 2024-09-24 19:54:08.524173
End: 2024-09-24 19:55:02.204828
Duration: 0:00:53.680655
