Total Start: 2024-09-24 19:38:47.551090
Model Start: 2024-09-24 19:38:47.551094
Start: 2024-09-24 19:54:05.583007
End: 2024-09-24 19:55:04.888084
Duration: 0:00:59.305077
