Start: 2024-09-24 19:55:02.306546
End: 2024-09-24 19:55:03.154310
Duration: 0:00:00.847764
