Total Start: 2024-09-27 21:19:15.236173
Model Start: 2024-09-27 21:19:15.236176
Start: 2024-09-27 21:24:36.224059
End: 2024-09-27 21:25:47.751201
Duration: 0:01:11.527142
