Start: 2024-09-27 21:25:46.151619
End: 2024-09-27 21:25:46.697123
Duration: 0:00:00.545504
