Start: 2024-09-27 21:24:38.425012
End: 2024-09-27 21:25:46.050374
Duration: 0:01:07.625362
