Start: 2024-09-16 14:49:20.200352
End: 2024-09-16 14:52:15.718765
Duration: 0:02:55.518413
