Start: 2024-09-16 14:52:15.872786
End: 2024-09-16 14:52:26.045522
Duration: 0:00:10.172736
