Total Start: 2024-09-16 14:24:59.438522
Model Start: 2024-09-16 14:24:59.438525
Start: 2024-09-16 14:49:18.558124
End: 2024-09-16 14:52:28.643110
Duration: 0:03:10.084986
