Start: 2024-09-25 09:02:48.887718
End: 2024-09-25 09:03:57.856945
Duration: 0:01:08.969227
