Start: 2024-09-25 09:03:57.966011
End: 2024-09-25 09:03:58.731606
Duration: 0:00:00.765595
