Total Start: 2024-09-25 08:44:00.597600
Model Start: 2024-09-25 08:44:00.597603
Start: 2024-09-25 09:02:45.699379
End: 2024-09-25 09:04:00.328650
Duration: 0:01:14.629271
