Start: 2024-09-16 23:50:29.301943
End: 2024-09-16 23:56:57.996237
Duration: 0:06:28.694294
