Start: 2024-09-16 23:56:58.195003
End: 2024-09-16 23:56:59.851985
Duration: 0:00:01.656982
