Total Start: 2024-09-16 20:39:31.187347
Model Start: 2024-09-16 20:39:32.354137
Start: 2024-09-16 23:50:28.257129
End: 2024-09-16 23:57:02.244824
Duration: 0:06:33.987695
