Start: 2024-09-30 18:49:00.699242
End: 2024-09-30 18:51:46.267078
Duration: 0:02:45.567836
