Total Start: 2024-09-30 17:22:02.710994
Model Start: 2024-09-30 18:22:05.212762
Start: 2024-09-30 18:48:52.965974
End: 2024-09-30 18:52:00.537446
Duration: 0:03:07.571472
