Start: 2024-09-30 18:51:50.962231
End: 2024-09-30 18:51:56.147032
Duration: 0:00:05.184801
