Total Start: 2024-09-25 04:11:48.613439
Model Start: 2024-09-25 04:11:48.613442
Start: 2024-09-25 04:21:11.423791
End: 2024-09-25 04:21:52.771953
Duration: 0:00:41.348162
