Start: 2024-09-25 04:21:50.929281
End: 2024-09-25 04:21:51.580872
Duration: 0:00:00.651591
