Start: 2024-09-25 04:21:14.164419
End: 2024-09-25 04:21:50.833558
Duration: 0:00:36.669139
