Start: 2024-09-25 15:25:28.006287
End: 2024-09-25 15:25:28.524786
Duration: 0:00:00.518499
