Total Start: 2024-09-25 15:21:43.686272
Model Start: 2024-09-25 15:21:43.686275
Start: 2024-09-25 15:23:21.283184
End: 2024-09-25 15:25:29.846288
Duration: 0:02:08.563104
