Start: 2024-09-25 15:23:25.935911
End: 2024-09-25 15:25:27.904012
Duration: 0:02:01.968101
