Start: 2024-09-17 16:01:04.625439
End: 2024-09-17 16:01:10.466098
Duration: 0:00:05.840659
