Start: 2024-09-17 15:56:40.651380
End: 2024-09-17 16:01:04.600395
Duration: 0:04:23.949015
