Total Start: 2024-09-17 13:19:53.105080
Model Start: 2024-09-17 13:19:53.955682
Start: 2024-09-17 15:56:40.650606
End: 2024-09-17 16:01:10.485992
Duration: 0:04:29.835386
