Start: 2024-09-28 04:33:13.201024
End: 2024-09-28 04:34:19.664341
Duration: 0:01:06.463317
