Start: 2024-09-28 04:34:19.765384
End: 2024-09-28 04:34:20.643624
Duration: 0:00:00.878240
