Total Start: 2024-09-28 04:13:17.832768
Model Start: 2024-09-28 04:13:17.832771
Start: 2024-09-28 04:33:11.379502
End: 2024-09-28 04:34:21.950843
Duration: 0:01:10.571341
