Start: 2024-09-25 11:59:25.965331
End: 2024-09-25 11:59:26.563661
Duration: 0:00:00.598330
