Start: 2024-09-25 11:58:14.990273
End: 2024-09-25 11:59:25.853676
Duration: 0:01:10.863403
