Total Start: 2024-09-25 11:49:29.344034
Model Start: 2024-09-25 11:49:29.344037
Start: 2024-09-25 11:58:13.766181
End: 2024-09-25 11:59:27.979069
Duration: 0:01:14.212888
