Start: 2024-09-17 03:30:23.690241
End: 2024-09-17 03:30:26.531001
Duration: 0:00:02.840760
