Start: 2024-09-17 03:04:53.695468
End: 2024-09-17 03:30:23.498036
Duration: 0:25:29.802568
