Total Start: 2024-09-16 20:39:31.187347
Model Start: 2024-09-16 20:39:32.354137
Start: 2024-09-17 03:04:49.253012
End: 2024-09-17 03:30:30.122760
Duration: 0:25:40.869748
