Start: 2024-09-25 09:46:14.568459
End: 2024-09-25 09:46:16.022931
Duration: 0:00:01.454472
