Total Start: 2024-09-25 08:44:00.597600
Model Start: 2024-09-25 08:44:00.597603
Start: 2024-09-25 09:45:26.387436
End: 2024-09-25 09:46:18.212803
Duration: 0:00:51.825367
