Start: 2024-09-25 09:45:28.029228
End: 2024-09-25 09:46:14.472003
Duration: 0:00:46.442775
