Start: 2024-09-16 13:35:02.014978
End: 2024-09-16 13:35:07.319383
Duration: 0:00:05.304405
