Total Start: 2024-09-16 13:03:38.274023
Model Start: 2024-09-16 13:03:38.274026
Start: 2024-09-16 13:33:39.314066
End: 2024-09-16 13:35:09.102126
Duration: 0:01:29.788060
