Start: 2024-09-16 13:33:40.283627
End: 2024-09-16 13:35:01.810271
Duration: 0:01:21.526644
