Total Start: 2024-09-16 20:39:31.187347
Model Start: 2024-09-16 20:39:32.354137
Start: 2024-09-16 21:02:26.379648
End: 2024-09-16 21:07:55.496628
Duration: 0:05:29.116980
