Start: 2024-09-16 21:07:53.694056
End: 2024-09-16 21:07:54.371300
Duration: 0:00:00.677244
