Start: 2024-09-16 21:02:27.543625
End: 2024-09-16 21:07:53.470399
Duration: 0:05:25.926774
