Start: 2024-09-17 00:26:24.281869
End: 2024-09-17 00:26:26.258519
Duration: 0:00:01.976650
