Start: 2024-09-17 00:15:08.979455
End: 2024-09-17 00:26:24.062066
Duration: 0:11:15.082611
