Total Start: 2024-09-16 20:39:31.187347
Model Start: 2024-09-16 20:39:32.354137
Start: 2024-09-17 00:15:07.066081
End: 2024-09-17 00:26:28.708524
Duration: 0:11:21.642443
