Start: 2024-09-30 10:37:17.361096
End: 2024-09-30 10:40:59.002611
Duration: 0:03:41.641515
