Total Start: 2024-09-30 10:27:40.601156
Model Start: 2024-09-30 10:27:40.601160
Start: 2024-09-30 10:37:12.141258
End: 2024-09-30 10:41:01.115518
Duration: 0:03:48.974260
