Start: 2024-09-30 10:40:59.318478
End: 2024-09-30 10:41:00.032903
Duration: 0:00:00.714425
