Start: 2024-09-24 18:36:40.636434
End: 2024-09-24 18:37:17.796840
Duration: 0:00:37.160406
