Start: 2024-09-24 18:37:17.890276
End: 2024-09-24 18:37:18.830310
Duration: 0:00:00.940034
