Total Start: 2024-09-24 18:14:29.729863
Model Start: 2024-09-24 18:14:29.729869
Start: 2024-09-24 18:36:39.394974
End: 2024-09-24 18:37:20.303028
Duration: 0:00:40.908054
