Start: 2024-09-16 14:45:56.527463
End: 2024-09-16 14:49:12.194230
Duration: 0:03:15.666767
