Start: 2024-09-16 14:49:12.312567
End: 2024-09-16 14:49:13.197942
Duration: 0:00:00.885375
