Total Start: 2024-09-16 14:24:59.438522
Model Start: 2024-09-16 14:24:59.438525
Start: 2024-09-16 14:45:55.116333
End: 2024-09-16 14:49:15.353210
Duration: 0:03:20.236877
