Total Start: 2024-09-25 15:25:53.356327
Model Start: 2024-09-25 15:25:53.356330
Start: 2024-09-25 15:47:04.469935
End: 2024-09-25 15:49:14.705816
Duration: 0:02:10.235881
