Start: 2024-09-25 15:47:09.274828
End: 2024-09-25 15:49:11.834315
Duration: 0:02:02.559487
