Start: 2024-09-25 15:49:12.007520
End: 2024-09-25 15:49:12.929531
Duration: 0:00:00.922011
