Start: 2024-09-17 15:37:10.964693
End: 2024-09-17 15:41:34.711740
Duration: 0:04:23.747047
