Total Start: 2024-09-17 13:19:53.105080
Model Start: 2024-09-17 13:19:53.955682
Start: 2024-09-17 15:37:10.964189
End: 2024-09-17 15:41:40.607992
Duration: 0:04:29.643803
