Start: 2024-09-17 15:41:34.736516
End: 2024-09-17 15:41:40.597797
Duration: 0:00:05.861281
