Start: 2024-09-24 18:22:07.485885
End: 2024-09-24 18:23:31.962128
Duration: 0:01:24.476243
