Total Start: 2024-09-24 18:14:29.729863
Model Start: 2024-09-24 18:14:29.729869
Start: 2024-09-24 18:22:04.976014
End: 2024-09-24 18:23:34.231766
Duration: 0:01:29.255752
