Start: 2024-09-24 18:23:32.120920
End: 2024-09-24 18:23:32.751263
Duration: 0:00:00.630343
