Start: 2024-09-17 14:12:41.761827
End: 2024-09-17 14:16:47.835731
Duration: 0:04:06.073904
