Start: 2024-09-17 14:16:47.860127
End: 2024-09-17 14:16:53.515194
Duration: 0:00:05.655067
