Total Start: 2024-09-17 13:19:53.105080
Model Start: 2024-09-17 13:19:53.955682
Start: 2024-09-17 14:12:41.760265
End: 2024-09-17 14:16:53.521589
Duration: 0:04:11.761324
