Start: 2024-09-25 15:44:12.267993
End: 2024-09-25 15:44:13.124372
Duration: 0:00:00.856379
