Total Start: 2024-09-25 15:25:53.356327
Model Start: 2024-09-25 15:25:53.356330
Start: 2024-09-25 15:43:22.331851
End: 2024-09-25 15:44:14.493339
Duration: 0:00:52.161488
