Start: 2024-09-25 15:43:24.079110
End: 2024-09-25 15:44:12.058844
Duration: 0:00:47.979734
