Start: 2024-09-25 09:15:06.074673
End: 2024-09-25 09:15:07.038421
Duration: 0:00:00.963748
