Start: 2024-09-25 09:13:57.080540
End: 2024-09-25 09:15:05.979458
Duration: 0:01:08.898918
