Total Start: 2024-09-25 08:44:00.597600
Model Start: 2024-09-25 08:44:00.597603
Start: 2024-09-25 09:13:52.828152
End: 2024-09-25 09:15:08.813409
Duration: 0:01:15.985257
