Start: 2024-09-17 17:09:25.977755
End: 2024-09-17 17:09:31.657930
Duration: 0:00:05.680175
