Total Start: 2024-09-17 13:19:53.105080
Model Start: 2024-09-17 13:19:53.955682
Start: 2024-09-17 17:03:50.619082
End: 2024-09-17 17:09:31.684042
Duration: 0:05:41.064960
