Start: 2024-09-17 17:03:50.619998
End: 2024-09-17 17:09:25.967701
Duration: 0:05:35.347703
