Start: 2024-09-25 15:09:38.180115
End: 2024-09-25 15:09:43.324030
Duration: 0:00:05.143915
