Start: 2024-09-25 15:08:42.117680
End: 2024-09-25 15:09:38.067315
Duration: 0:00:55.949635
