Total Start: 2024-09-25 15:08:36.185709
Model Start: 2024-09-25 15:08:36.185711
Start: 2024-09-25 15:08:39.963567
End: 2024-09-25 15:09:44.534746
Duration: 0:01:04.571179
