Start: 2024-09-16 21:52:13.574820
End: 2024-09-16 21:57:42.316316
Duration: 0:05:28.741496
