Total Start: 2024-09-16 20:39:31.187347
Model Start: 2024-09-16 20:39:32.354137
Start: 2024-09-16 21:52:12.446691
End: 2024-09-16 21:57:44.887415
Duration: 0:05:32.440724
