Start: 2024-09-16 21:57:42.537412
End: 2024-09-16 21:57:43.480187
Duration: 0:00:00.942775
