Start: 2024-09-25 15:45:47.774985
End: 2024-09-25 15:46:59.784950
Duration: 0:01:12.009965
