Total Start: 2024-09-25 15:25:53.356327
Model Start: 2024-09-25 15:25:53.356330
Start: 2024-09-25 15:45:44.741117
End: 2024-09-25 15:47:02.481615
Duration: 0:01:17.740498
