Start: 2024-09-25 15:46:59.877387
End: 2024-09-25 15:47:00.725000
Duration: 0:00:00.847613
