Start: 2024-09-24 18:35:02.231281
End: 2024-09-24 18:35:03.117220
Duration: 0:00:00.885939
