Start: 2024-09-24 18:34:08.877035
End: 2024-09-24 18:35:02.126451
Duration: 0:00:53.249416
