Total Start: 2024-09-24 18:14:29.729863
Model Start: 2024-09-24 18:14:29.729869
Start: 2024-09-24 18:34:05.836897
End: 2024-09-24 18:35:05.057657
Duration: 0:00:59.220760
