Start: 2024-09-16 15:12:31.956112
End: 2024-09-16 15:12:32.903344
Duration: 0:00:00.947232
