Start: 2024-09-16 15:09:14.051999
End: 2024-09-16 15:12:31.835993
Duration: 0:03:17.783994
