Total Start: 2024-09-16 14:24:59.438522
Model Start: 2024-09-16 14:24:59.438525
Start: 2024-09-16 15:09:12.671899
End: 2024-09-16 15:12:35.015756
Duration: 0:03:22.343857
