Start: 2024-09-17 13:46:54.890816
End: 2024-09-17 13:47:00.796866
Duration: 0:00:05.906050
