Total Start: 2024-09-17 13:19:53.105080
Model Start: 2024-09-17 13:19:53.955682
Start: 2024-09-17 13:40:45.918327
End: 2024-09-17 13:47:00.805224
Duration: 0:06:14.886897
