Start: 2024-09-17 13:40:45.920175
End: 2024-09-17 13:46:46.860274
Duration: 0:06:00.940099
