Total Start: 2024-09-16 11:24:19.487206
Model Start: 2024-09-16 11:24:19.487209
Start: 2024-09-16 12:04:09.768083
End: 2024-09-16 12:05:46.612392
Duration: 0:01:36.844309
