Start: 2024-09-16 12:05:42.565056
End: 2024-09-16 12:05:43.862415
Duration: 0:00:01.297359
