Start: 2024-09-16 12:04:11.529366
End: 2024-09-16 12:05:42.341272
Duration: 0:01:30.811906
