Total Start: 2024-09-16 20:39:31.187347
Model Start: 2024-09-16 20:39:32.354137
Start: 2024-09-16 20:39:35.690913
End: 2024-09-16 20:54:35.008398
Duration: 0:14:59.317485
