Start: 2024-09-16 20:53:42.176746
End: 2024-09-16 20:54:32.530432
Duration: 0:00:50.353686
