Start: 2024-09-16 20:39:38.083876
End: 2024-09-16 20:53:41.982810
Duration: 0:14:03.898934
