Total Start: 2024-09-17 13:19:53.105080
Model Start: 2024-09-17 13:19:53.955682
Start: 2024-09-17 17:18:09.029099
End: 2024-09-17 17:23:22.673466
Duration: 0:05:13.644367
