Start: 2024-09-17 17:18:09.029770
End: 2024-09-17 17:23:17.227828
Duration: 0:05:08.198058
