Start: 2024-09-17 17:23:17.242553
End: 2024-09-17 17:23:22.667061
Duration: 0:00:05.424508
