Start: 2024-09-30 18:32:56.742908
End: 2024-09-30 18:36:10.705484
Duration: 0:03:13.962576
