Total Start: 2024-09-30 17:22:02.710994
Model Start: 2024-09-30 18:22:05.212762
Start: 2024-09-30 18:32:50.335839
End: 2024-09-30 18:36:21.165786
Duration: 0:03:30.829947
