Start: 2024-09-30 18:36:14.273223
End: 2024-09-30 18:36:18.152805
Duration: 0:00:03.879582
