Start: 2024-09-16 16:29:01.546926
End: 2024-09-16 16:29:03.416612
Duration: 0:00:01.869686
