Total Start: 2024-09-16 14:24:59.438522
Model Start: 2024-09-16 15:32:09.139359
Start: 2024-09-16 16:23:35.832083
End: 2024-09-16 16:29:05.750842
Duration: 0:05:29.918759
