Start: 2024-09-16 16:23:39.673166
End: 2024-09-16 16:29:00.651440
Duration: 0:05:20.978274
