Start: 2024-09-17 04:01:04.374174
End: 2024-09-17 04:21:07.299975
Duration: 0:20:02.925801
