Start: 2024-09-17 04:21:07.871552
End: 2024-09-17 04:21:50.996990
Duration: 0:00:43.125438
