Total Start: 2024-09-17 04:00:56.884117
Model Start: 2024-09-17 04:00:57.843650
Start: 2024-09-17 04:01:01.742372
End: 2024-09-17 04:21:53.537694
Duration: 0:20:51.795322
