Total Start: 2024-09-17 13:19:53.105080
Model Start: 2024-09-17 13:19:53.955682
Start: 2024-09-17 15:52:16.197252
End: 2024-09-17 15:56:21.952566
Duration: 0:04:05.755314
