Start: 2024-09-17 15:52:16.198055
End: 2024-09-17 15:56:15.854498
Duration: 0:03:59.656443
