Start: 2024-09-17 15:56:15.879688
End: 2024-09-17 15:56:21.932013
Duration: 0:00:06.052325
