Start: 2024-09-17 04:56:16.939129
End: 2024-09-17 05:09:15.687119
Duration: 0:12:58.747990
