Total Start: 2024-09-17 04:00:56.884117
Model Start: 2024-09-17 04:00:57.843650
Start: 2024-09-17 04:56:15.232912
End: 2024-09-17 05:09:18.571532
Duration: 0:13:03.338620
