Start: 2024-09-17 05:09:15.880935
End: 2024-09-17 05:09:16.736357
Duration: 0:00:00.855422
