Start: 2024-10-01 11:32:56.934145
End: 2024-10-01 11:33:03.313158
Duration: 0:00:06.379013
