Total Start: 2024-10-01 10:50:07.582259
Model Start: 2024-10-01 10:50:10.817060
Start: 2024-10-01 11:27:09.506217
End: 2024-10-01 11:33:03.318775
Duration: 0:05:53.812558
