Start: 2024-10-01 11:27:09.507540
End: 2024-10-01 11:32:54.904575
Duration: 0:05:45.397035
