Start: 2024-09-25 14:31:07.326109
End: 2024-09-25 14:31:13.973474
Duration: 0:00:06.647365
