Start: 2024-09-25 14:29:54.687270
End: 2024-09-25 14:31:07.220825
Duration: 0:01:12.533555
