Total Start: 2024-09-25 14:27:09.423176
Model Start: 2024-09-25 14:27:09.423178
Start: 2024-09-25 14:29:53.897732
End: 2024-09-25 14:31:15.327698
Duration: 0:01:21.429966
