Start: 2024-09-25 08:47:01.995880
End: 2024-09-25 08:47:08.745583
Duration: 0:00:06.749703
