Start: 2024-09-25 08:45:52.235899
End: 2024-09-25 08:47:01.707519
Duration: 0:01:09.471620
