Total Start: 2024-09-25 08:44:00.597600
Model Start: 2024-09-25 08:44:00.597603
Start: 2024-09-25 08:45:49.853533
End: 2024-09-25 08:47:10.122887
Duration: 0:01:20.269354
