Start: 2024-09-17 16:49:08.473671
End: 2024-09-17 16:49:13.968157
Duration: 0:00:05.494486
