Total Start: 2024-09-17 13:19:53.105080
Model Start: 2024-09-17 13:19:53.955682
Start: 2024-09-17 16:43:48.234988
End: 2024-09-17 16:49:13.987613
Duration: 0:05:25.752625
