Start: 2024-09-17 16:43:48.235762
End: 2024-09-17 16:49:08.438113
Duration: 0:05:20.202351
