Start: 2024-09-25 04:17:27.111748
End: 2024-09-25 04:17:27.666165
Duration: 0:00:00.554417
