Total Start: 2024-09-25 04:11:48.613439
Model Start: 2024-09-25 04:11:48.613442
Start: 2024-09-25 04:16:47.421033
End: 2024-09-25 04:17:28.762840
Duration: 0:00:41.341807
