Start: 2024-09-25 04:16:50.120773
End: 2024-09-25 04:17:27.017237
Duration: 0:00:36.896464
