Total Start: 2024-09-28 00:48:21.204854
Model Start: 2024-09-28 00:48:21.204858
Start: 2024-09-28 01:06:53.954144
End: 2024-09-28 01:08:38.666329
Duration: 0:01:44.712185
