Start: 2024-09-28 01:06:57.999550
End: 2024-09-28 01:08:36.080507
Duration: 0:01:38.080957
