Start: 2024-09-28 01:08:36.182768
End: 2024-09-28 01:08:37.016710
Duration: 0:00:00.833942
