Start: 2024-09-25 04:12:53.406411
End: 2024-09-25 04:13:54.252415
Duration: 0:01:00.846004
