Start: 2024-09-25 04:13:54.415335
End: 2024-09-25 04:13:54.907088
Duration: 0:00:00.491753
