Total Start: 2024-09-16 14:24:59.438522
Model Start: 2024-09-16 14:24:59.438525
Start: 2024-09-16 15:00:21.062550
End: 2024-09-16 15:05:09.861107
Duration: 0:04:48.798557
