Start: 2024-09-16 15:05:06.081270
End: 2024-09-16 15:05:07.024442
Duration: 0:00:00.943172
