Start: 2024-09-16 15:00:22.822248
End: 2024-09-16 15:05:05.965743
Duration: 0:04:43.143495
