Start: 2024-09-24 19:05:13.083973
End: 2024-09-24 19:05:14.622078
Duration: 0:00:01.538105
