Start: 2024-09-24 19:04:11.165201
End: 2024-09-24 19:05:12.958725
Duration: 0:01:01.793524
