Total Start: 2024-09-24 18:14:29.729863
Model Start: 2024-09-24 18:14:29.729869
Start: 2024-09-24 19:04:08.775928
End: 2024-09-24 19:05:16.746811
Duration: 0:01:07.970883
