Total Start: 2024-09-30 19:19:45.230615
Model Start: 2024-09-30 19:25:56.993873
Start: 2024-09-30 19:48:19.817551
End: 2024-09-30 19:50:52.394747
Duration: 0:02:32.577196
