Start: 2024-09-30 19:50:49.353387
End: 2024-09-30 19:50:50.605960
Duration: 0:00:01.252573
