Start: 2024-09-30 19:48:24.248428
End: 2024-09-30 19:50:48.711218
Duration: 0:02:24.462790
