Total Start: 2024-09-25 08:44:00.597600
Model Start: 2024-09-25 08:44:00.597603
Start: 2024-09-25 09:46:20.138186
End: 2024-09-25 09:47:44.823335
Duration: 0:01:24.685149
