Start: 2024-09-25 09:46:22.767088
End: 2024-09-25 09:47:41.216221
Duration: 0:01:18.449133
