Start: 2024-09-25 09:47:41.329734
End: 2024-09-25 09:47:42.803503
Duration: 0:00:01.473769
