Start: 2024-09-17 15:03:57.118902
End: 2024-09-17 15:09:11.826115
Duration: 0:05:14.707213
