Start: 2024-09-17 15:09:11.850898
End: 2024-09-17 15:09:17.913470
Duration: 0:00:06.062572
