Total Start: 2024-09-17 13:19:53.105080
Model Start: 2024-09-17 13:19:53.955682
Start: 2024-09-17 15:03:57.117583
End: 2024-09-17 15:09:17.919469
Duration: 0:05:20.801886
