Start: 2024-09-17 14:59:38.638730
End: 2024-09-17 14:59:44.326110
Duration: 0:00:05.687380
