Total Start: 2024-09-17 13:19:53.105080
Model Start: 2024-09-17 13:19:53.955682
Start: 2024-09-17 14:55:47.052732
End: 2024-09-17 14:59:44.335370
Duration: 0:03:57.282638
