Start: 2024-09-17 14:55:47.054586
End: 2024-09-17 14:59:38.616015
Duration: 0:03:51.561429
