Start: 2024-09-28 04:29:32.955181
End: 2024-09-28 04:30:39.257959
Duration: 0:01:06.302778
