Total Start: 2024-09-28 04:13:17.832768
Model Start: 2024-09-28 04:13:17.832771
Start: 2024-09-28 04:29:31.022130
End: 2024-09-28 04:30:41.300388
Duration: 0:01:10.278258
