Start: 2024-09-28 04:30:39.369102
End: 2024-09-28 04:30:40.072302
Duration: 0:00:00.703200
