Total Start: 2024-09-30 19:19:45.230615
Model Start: 2024-09-30 20:10:30.470989
Start: 2024-09-30 21:35:14.522293
End: 2024-09-30 21:47:15.148174
Duration: 0:12:00.625881
