Start: 2024-09-30 21:47:09.208317
End: 2024-09-30 21:47:12.198551
Duration: 0:00:02.990234
