Start: 2024-09-30 21:35:19.878705
End: 2024-09-30 21:47:08.439622
Duration: 0:11:48.560917
