Start: 2024-09-25 04:22:57.514675
End: 2024-09-25 04:22:58.234010
Duration: 0:00:00.719335
