Start: 2024-09-25 04:21:56.684131
End: 2024-09-25 04:22:57.390918
Duration: 0:01:00.706787
