Total Start: 2024-09-25 04:11:48.613439
Model Start: 2024-09-25 04:11:48.613442
Start: 2024-09-25 04:21:54.789512
End: 2024-09-25 04:22:59.761953
Duration: 0:01:04.972441
