Start: 2024-09-16 14:55:26.054313
End: 2024-09-16 14:55:26.905821
Duration: 0:00:00.851508
