Total Start: 2024-09-16 14:24:59.438522
Model Start: 2024-09-16 14:24:59.438525
Start: 2024-09-16 14:52:30.835979
End: 2024-09-16 14:55:29.510039
Duration: 0:02:58.674060
