Start: 2024-09-16 14:52:32.200345
End: 2024-09-16 14:55:25.931884
Duration: 0:02:53.731539
