Start: 2024-09-28 04:52:43.923797
End: 2024-09-28 04:52:44.980516
Duration: 0:00:01.056719
