Start: 2024-09-28 04:51:08.352086
End: 2024-09-28 04:52:43.832428
Duration: 0:01:35.480342
