Total Start: 2024-09-27 17:31:40.691707
Model Start: 2024-09-27 17:31:40.691711
Start: 2024-09-27 17:42:56.833112
End: 2024-09-27 17:44:26.835458
Duration: 0:01:30.002346
