Start: 2024-09-27 17:44:24.637128
End: 2024-09-27 17:44:25.309972
Duration: 0:00:00.672844
