Start: 2024-09-27 17:43:01.358099
End: 2024-09-27 17:44:24.541303
Duration: 0:01:23.183204
