Start: 2024-09-28 04:37:47.685982
End: 2024-09-28 04:37:48.554936
Duration: 0:00:00.868954
