Total Start: 2024-09-28 04:13:17.832768
Model Start: 2024-09-28 04:13:17.832771
Start: 2024-09-28 04:36:10.300477
End: 2024-09-28 04:37:50.284397
Duration: 0:01:39.983920
