Start: 2024-09-28 04:36:12.887326
End: 2024-09-28 04:37:47.596890
Duration: 0:01:34.709564
