Start: 2024-09-28 01:10:34.491748
End: 2024-09-28 01:12:12.430871
Duration: 0:01:37.939123
