Start: 2024-09-28 01:12:12.532883
End: 2024-09-28 01:12:13.421941
Duration: 0:00:00.889058
