Start: 2024-09-24 20:15:01.014546
End: 2024-09-24 20:15:37.120455
Duration: 0:00:36.105909
