Start: 2024-09-24 20:15:37.219532
End: 2024-09-24 20:15:37.948390
Duration: 0:00:00.728858
