Start: 2024-09-17 05:45:27.149136
End: 2024-09-17 06:04:29.225982
Duration: 0:19:02.076846
