Start: 2024-09-17 06:04:29.920911
End: 2024-09-17 06:04:31.050011
Duration: 0:00:01.129100
