Total Start: 2024-09-17 04:00:56.884117
Model Start: 2024-09-17 04:00:57.843650
Start: 2024-09-17 05:45:25.270630
End: 2024-09-17 06:04:33.561392
Duration: 0:19:08.290762
