Start: 2024-09-30 23:33:53.043402
End: 2024-09-30 23:47:10.689328
Duration: 0:13:17.645926
