Total Start: 2024-09-30 22:53:39.023088
Model Start: 2024-09-30 22:53:40.572284
Start: 2024-09-30 23:33:46.705733
End: 2024-09-30 23:47:14.638930
Duration: 0:13:27.933197
