Start: 2024-09-30 23:47:11.549789
End: 2024-09-30 23:47:13.019656
Duration: 0:00:01.469867
