Start: 2024-09-25 15:45:40.616791
End: 2024-09-25 15:45:41.446608
Duration: 0:00:00.829817
