Total Start: 2024-09-25 15:25:53.356327
Model Start: 2024-09-25 15:25:53.356330
Start: 2024-09-25 15:44:16.633432
End: 2024-09-25 15:45:42.817930
Duration: 0:01:26.184498
