Start: 2024-09-25 15:44:19.476987
End: 2024-09-25 15:45:40.504180
Duration: 0:01:21.027193
