Start: 2024-09-25 14:44:20.402477
End: 2024-09-25 14:44:21.138475
Duration: 0:00:00.735998
