Total Start: 2024-09-25 14:27:09.423176
Model Start: 2024-09-25 14:27:09.423178
Start: 2024-09-25 14:42:24.528744
End: 2024-09-25 14:44:22.802322
Duration: 0:01:58.273578
