Start: 2024-09-25 14:42:26.888122
End: 2024-09-25 14:44:20.290446
Duration: 0:01:53.402324
