Total Start: 2024-09-28 04:13:17.832768
Model Start: 2024-09-28 04:13:17.832771
Start: 2024-09-28 04:26:35.407830
End: 2024-09-28 04:28:14.203648
Duration: 0:01:38.795818
