Start: 2024-09-28 04:28:11.981038
End: 2024-09-28 04:28:12.692142
Duration: 0:00:00.711104
