Start: 2024-09-28 04:26:36.989706
End: 2024-09-28 04:28:11.874589
Duration: 0:01:34.884883
