Total Start: 2024-09-24 18:14:29.729863
Model Start: 2024-09-24 18:14:29.729869
Start: 2024-09-24 19:06:22.078781
End: 2024-09-24 19:07:55.552929
Duration: 0:01:33.474148
