Start: 2024-09-24 19:07:51.453640
End: 2024-09-24 19:07:53.050216
Duration: 0:00:01.596576
