Start: 2024-09-24 19:06:25.977720
End: 2024-09-24 19:07:51.347508
Duration: 0:01:25.369788
