Start: 2024-09-30 18:16:25.195497
End: 2024-09-30 18:19:10.643301
Duration: 0:02:45.447804
