Start: 2024-09-30 18:19:11.078819
End: 2024-09-30 18:19:13.019477
Duration: 0:00:01.940658
