Total Start: 2024-09-30 17:22:02.710994
Model Start: 2024-09-30 17:22:02.710999
Start: 2024-09-30 18:16:21.962054
End: 2024-09-30 18:19:15.244312
Duration: 0:02:53.282258
