Total Start: 2024-09-27 21:19:15.236173
Model Start: 2024-09-27 21:19:15.236176
Start: 2024-09-27 21:22:06.102716
End: 2024-09-27 21:23:17.584442
Duration: 0:01:11.481726
