Start: 2024-09-27 21:23:16.060031
End: 2024-09-27 21:23:16.556683
Duration: 0:00:00.496652
