Start: 2024-09-27 21:22:08.339251
End: 2024-09-27 21:23:15.954209
Duration: 0:01:07.614958
