Start: 2024-09-17 14:21:11.072853
End: 2024-09-17 14:21:16.648959
Duration: 0:00:05.576106
