Total Start: 2024-09-17 13:19:53.105080
Model Start: 2024-09-17 13:19:53.955682
Start: 2024-09-17 14:16:55.411809
End: 2024-09-17 14:21:16.655861
Duration: 0:04:21.244052
