Start: 2024-09-17 14:16:55.413092
End: 2024-09-17 14:21:11.047520
Duration: 0:04:15.634428
