Total Start: 2024-09-16 14:24:59.438522
Model Start: 2024-09-16 14:24:59.438525
Start: 2024-09-16 15:12:37.038239
End: 2024-09-16 15:16:05.446125
Duration: 0:03:28.407886
