Start: 2024-09-16 15:16:02.285900
End: 2024-09-16 15:16:03.253095
Duration: 0:00:00.967195
