Start: 2024-09-16 15:12:38.534585
End: 2024-09-16 15:16:02.163855
Duration: 0:03:23.629270
