Start: 2024-09-17 14:08:51.559268
End: 2024-09-17 14:12:33.845081
Duration: 0:03:42.285813
