Total Start: 2024-09-17 13:19:53.105080
Model Start: 2024-09-17 13:19:53.955682
Start: 2024-09-17 14:08:51.558147
End: 2024-09-17 14:12:39.688465
Duration: 0:03:48.130318
