Start: 2024-09-17 14:12:33.868651
End: 2024-09-17 14:12:39.681542
Duration: 0:00:05.812891
