Start: 2024-09-25 09:17:13.561107
End: 2024-09-25 09:17:59.417347
Duration: 0:00:45.856240
