Start: 2024-09-25 09:17:59.525445
End: 2024-09-25 09:18:00.567782
Duration: 0:00:01.042337
