Total Start: 2024-09-25 08:44:00.597600
Model Start: 2024-09-25 08:44:00.597603
Start: 2024-09-25 09:17:10.747350
End: 2024-09-25 09:18:02.084568
Duration: 0:00:51.337218
