Total Start: 2024-09-16 14:24:59.438522
Model Start: 2024-09-16 14:24:59.438525
Start: 2024-09-16 14:38:05.771339
End: 2024-09-16 14:40:31.163846
Duration: 0:02:25.392507
