Start: 2024-09-16 14:40:21.468320
End: 2024-09-16 14:40:29.236388
Duration: 0:00:07.768068
