Start: 2024-09-16 14:38:06.625350
End: 2024-09-16 14:40:21.359488
Duration: 0:02:14.734138
