Total Start: 2024-09-25 14:27:09.423176
Model Start: 2024-09-25 14:27:09.423178
Start: 2024-09-25 14:41:09.361302
End: 2024-09-25 14:42:22.584598
Duration: 0:01:13.223296
