Start: 2024-09-25 14:42:20.282539
End: 2024-09-25 14:42:21.003825
Duration: 0:00:00.721286
