Start: 2024-09-25 14:41:11.086094
End: 2024-09-25 14:42:20.156474
Duration: 0:01:09.070380
