Start: 2024-10-01 11:38:13.606742
End: 2024-10-01 11:44:38.623531
Duration: 0:06:25.016789
