Total Start: 2024-10-01 10:50:07.582259
Model Start: 2024-10-01 10:50:10.817060
Start: 2024-10-01 11:38:13.606136
End: 2024-10-01 11:44:50.783343
Duration: 0:06:37.177207
