Start: 2024-10-01 11:44:44.646210
End: 2024-10-01 11:44:50.776670
Duration: 0:00:06.130460
