Start: 2024-09-16 13:09:30.974694
End: 2024-09-16 13:09:41.278155
Duration: 0:00:10.303461
