Start: 2024-09-16 13:05:59.575060
End: 2024-09-16 13:09:30.691971
Duration: 0:03:31.116911
