Total Start: 2024-09-16 13:03:38.274023
Model Start: 2024-09-16 13:03:38.274026
Start: 2024-09-16 13:05:57.947692
End: 2024-09-16 13:09:43.838915
Duration: 0:03:45.891223
