Start: 2024-09-25 09:36:27.034877
End: 2024-09-25 09:37:37.037499
Duration: 0:01:10.002622
