Start: 2024-09-25 09:37:37.140915
End: 2024-09-25 09:37:38.466625
Duration: 0:00:01.325710
