Total Start: 2024-09-25 08:44:00.597600
Model Start: 2024-09-25 08:44:00.597603
Start: 2024-09-25 09:36:24.841230
End: 2024-09-25 09:37:40.738601
Duration: 0:01:15.897371
