Start: 2024-09-27 17:06:01.773921
End: 2024-09-27 17:06:02.327096
Duration: 0:00:00.553175
