Start: 2024-09-27 17:04:52.367561
End: 2024-09-27 17:06:01.655089
Duration: 0:01:09.287528
