Total Start: 2024-09-27 17:00:36.524262
Model Start: 2024-09-27 17:00:36.524266
Start: 2024-09-27 17:04:50.928982
End: 2024-09-27 17:06:03.386508
Duration: 0:01:12.457526
