Total Start: 2024-09-16 14:24:59.438522
Model Start: 2024-09-16 14:24:59.438525
Start: 2024-09-16 15:27:20.544432
End: 2024-09-16 15:32:09.126052
Duration: 0:04:48.581620
