Start: 2024-09-16 15:27:22.462339
End: 2024-09-16 15:32:04.550603
Duration: 0:04:42.088264
