Start: 2024-09-16 15:32:04.658645
End: 2024-09-16 15:32:05.770121
Duration: 0:00:01.111476
