Start: 2024-09-16 13:03:43.617895
End: 2024-09-16 13:05:48.339095
Duration: 0:02:04.721200
