Total Start: 2024-09-16 13:03:38.274023
Model Start: 2024-09-16 13:03:38.274026
Start: 2024-09-16 13:03:41.800626
End: 2024-09-16 13:05:55.893481
Duration: 0:02:14.092855
