Start: 2024-09-16 13:05:48.451143
End: 2024-09-16 13:05:54.196648
Duration: 0:00:05.745505
