Total Start: 2024-09-27 17:24:22.095326
Model Start: 2024-09-27 17:24:22.095329
Start: 2024-09-27 17:24:25.853363
End: 2024-09-27 17:26:20.715095
Duration: 0:01:54.861732
