Start: 2024-09-27 17:26:14.363950
End: 2024-09-27 17:26:19.207453
Duration: 0:00:04.843503
