Start: 2024-09-27 17:24:27.676061
End: 2024-09-27 17:26:14.178184
Duration: 0:01:46.502123
