Total Start: 2024-09-16 13:03:38.274023
Model Start: 2024-09-16 13:03:38.274026
Start: 2024-09-16 13:30:22.203423
End: 2024-09-16 13:31:59.150121
Duration: 0:01:36.946698
