Start: 2024-09-16 13:31:56.869612
End: 2024-09-16 13:31:57.712962
Duration: 0:00:00.843350
