Start: 2024-09-16 13:30:24.795087
End: 2024-09-16 13:31:56.708721
Duration: 0:01:31.913634
