Total Start: 2024-09-22 01:33:19.808510
Model Start: 2024-09-22 01:33:19.808513
Start: 2024-09-22 01:39:10.862753
End: 2024-09-22 01:40:07.478465
Duration: 0:00:56.615712
