Start: 2024-09-22 01:39:11.979293
End: 2024-09-22 01:40:05.113320
Duration: 0:00:53.134027
