Start: 2024-09-22 01:40:05.219892
End: 2024-09-22 01:40:05.865421
Duration: 0:00:00.645529
