Total Start: 2024-10-01 01:06:13.514252
Model Start: 2024-10-01 01:06:15.196214
Start: 2024-10-01 01:09:01.828752
End: 2024-10-01 01:11:20.304559
Duration: 0:02:18.475807
