Start: 2024-10-01 01:11:16.883708
End: 2024-10-01 01:11:18.976799
Duration: 0:00:02.093091
