Start: 2024-10-01 01:09:07.444609
End: 2024-10-01 01:11:14.757226
Duration: 0:02:07.312617
