Total Start: 2024-09-16 13:03:38.274023
Model Start: 2024-09-16 13:03:38.274026
Start: 2024-09-16 14:15:56.186814
End: 2024-09-16 14:17:35.098893
Duration: 0:01:38.912079
