Start: 2024-09-16 14:15:57.422635
End: 2024-09-16 14:17:31.051045
Duration: 0:01:33.628410
