Start: 2024-09-16 14:17:31.167099
End: 2024-09-16 14:17:32.615157
Duration: 0:00:01.448058
