Total Start: 2024-09-25 15:25:53.356327
Model Start: 2024-09-25 15:25:53.356330
Start: 2024-09-25 15:32:49.805846
End: 2024-09-25 15:34:13.307731
Duration: 0:01:23.501885
