Start: 2024-09-25 15:34:11.482666
End: 2024-09-25 15:34:12.084396
Duration: 0:00:00.601730
