Start: 2024-09-25 15:32:53.748540
End: 2024-09-25 15:34:11.273837
Duration: 0:01:17.525297
