Start: 2024-09-17 05:22:20.741995
End: 2024-09-17 05:22:21.619327
Duration: 0:00:00.877332
