Start: 2024-09-17 05:09:22.107894
End: 2024-09-17 05:22:20.523065
Duration: 0:12:58.415171
