Total Start: 2024-09-17 04:00:56.884117
Model Start: 2024-09-17 04:00:57.843650
Start: 2024-09-17 05:09:20.848378
End: 2024-09-17 05:22:23.417555
Duration: 0:13:02.569177
