Total Start: 2024-09-25 19:15:11.008655
Model Start: 2024-09-25 19:15:11.008660
Start: 2024-09-25 19:19:14.711740
End: 2024-09-25 19:21:12.248692
Duration: 0:01:57.536952
