Start: 2024-09-25 19:19:15.983916
End: 2024-09-25 19:21:10.085559
Duration: 0:01:54.101643
