Start: 2024-09-25 19:21:10.195169
End: 2024-09-25 19:21:10.792223
Duration: 0:00:00.597054
