Start: 2024-09-30 23:55:42.391293
End: 2024-10-01 00:04:03.867439
Duration: 0:08:21.476146
