Total Start: 2024-09-30 22:53:39.023088
Model Start: 2024-09-30 22:53:40.572284
Start: 2024-09-30 23:55:38.308120
End: 2024-10-01 00:04:07.875372
Duration: 0:08:29.567252
