Start: 2024-10-01 00:04:04.271090
End: 2024-10-01 00:04:05.997155
Duration: 0:00:01.726065
