Total Start: 2024-09-30 19:19:45.230615
Model Start: 2024-09-30 19:25:56.993873
Start: 2024-09-30 19:53:07.840377
End: 2024-09-30 19:55:41.843679
Duration: 0:02:34.003302
