Start: 2024-09-30 19:53:13.151120
End: 2024-09-30 19:55:37.922972
Duration: 0:02:24.771852
