Start: 2024-09-30 19:55:38.458781
End: 2024-09-30 19:55:39.904700
Duration: 0:00:01.445919
