Total Start: 2024-09-17 13:19:53.105080
Model Start: 2024-09-17 13:19:53.955682
Start: 2024-09-17 16:58:05.702376
End: 2024-09-17 17:03:48.597108
Duration: 0:05:42.894732
