Start: 2024-09-17 16:58:05.703282
End: 2024-09-17 17:03:42.869508
Duration: 0:05:37.166226
