Start: 2024-09-17 17:03:42.898832
End: 2024-09-17 17:03:48.587054
Duration: 0:00:05.688222
