Start: 2024-09-16 15:27:14.631658
End: 2024-09-16 15:27:15.648449
Duration: 0:00:01.016791
