Total Start: 2024-09-16 14:24:59.438522
Model Start: 2024-09-16 14:24:59.438525
Start: 2024-09-16 15:22:27.188135
End: 2024-09-16 15:27:18.314497
Duration: 0:04:51.126362
