Start: 2024-09-16 15:22:29.009270
End: 2024-09-16 15:27:14.527961
Duration: 0:04:45.518691
