Total Start: 2024-09-30 19:19:45.230615
Model Start: 2024-09-30 20:10:30.470989
Start: 2024-09-30 21:16:16.855499
End: 2024-09-30 21:35:14.509206
Duration: 0:18:57.653707
