Start: 2024-09-30 21:16:25.181776
End: 2024-09-30 21:35:07.251098
Duration: 0:18:42.069322
