Start: 2024-09-30 21:35:08.174912
End: 2024-09-30 21:35:11.725803
Duration: 0:00:03.550891
