Start: 2024-09-16 12:48:07.553688
End: 2024-09-16 12:48:08.479574
Duration: 0:00:00.925886
