Start: 2024-09-16 12:47:04.332521
End: 2024-09-16 12:48:07.425774
Duration: 0:01:03.093253
