Total Start: 2024-09-16 12:27:19.575562
Model Start: 2024-09-16 12:27:19.575564
Start: 2024-09-16 12:47:03.415550
End: 2024-09-16 12:48:10.458616
Duration: 0:01:07.043066
