Total Start: 2024-09-25 14:27:09.423176
Model Start: 2024-09-25 14:27:09.423178
Start: 2024-09-25 14:33:18.242520
End: 2024-09-25 14:34:07.386998
Duration: 0:00:49.144478
