Start: 2024-09-25 14:33:19.117687
End: 2024-09-25 14:34:05.669566
Duration: 0:00:46.551879
