Start: 2024-09-25 14:34:05.772468
End: 2024-09-25 14:34:06.317441
Duration: 0:00:00.544973
