Start: 2024-09-24 18:52:52.169575
End: 2024-09-24 18:54:17.828359
Duration: 0:01:25.658784
