Start: 2024-09-24 18:54:17.928019
End: 2024-09-24 18:54:19.223676
Duration: 0:00:01.295657
