Total Start: 2024-09-24 18:14:29.729863
Model Start: 2024-09-24 18:14:29.729869
Start: 2024-09-24 18:52:49.551759
End: 2024-09-24 18:54:21.450934
Duration: 0:01:31.899175
