Total Start: 2024-09-17 10:45:35.781535
Model Start: 2024-09-17 10:45:36.741343
Start: 2024-09-17 11:18:53.521429
End: 2024-09-17 11:24:24.541796
Duration: 0:05:31.020367
