Start: 2024-09-17 11:18:53.522353
End: 2024-09-17 11:24:16.945594
Duration: 0:05:23.423241
