Start: 2024-09-17 11:24:18.965982
End: 2024-09-17 11:24:24.537800
Duration: 0:00:05.571818
