Total Start: 2024-09-25 22:08:11.346476
Model Start: 2024-09-25 22:08:11.346479
Start: 2024-09-25 22:12:29.438749
End: 2024-09-25 22:14:34.886966
Duration: 0:02:05.448217
