Start: 2024-09-25 22:14:32.884247
End: 2024-09-25 22:14:33.459969
Duration: 0:00:00.575722
