Start: 2024-09-25 22:12:32.369704
End: 2024-09-25 22:14:32.772169
Duration: 0:02:00.402465
