Start: 2024-09-25 09:15:14.156491
End: 2024-09-25 09:17:05.739145
Duration: 0:01:51.582654
