Start: 2024-09-25 09:17:05.839499
End: 2024-09-25 09:17:06.830202
Duration: 0:00:00.990703
