Total Start: 2024-09-25 08:44:00.597600
Model Start: 2024-09-25 08:44:00.597603
Start: 2024-09-25 09:15:11.016280
End: 2024-09-25 09:17:08.738283
Duration: 0:01:57.722003
