Start: 2024-09-16 15:46:02.255812
End: 2024-09-16 15:49:23.329920
Duration: 0:03:21.074108
