Total Start: 2024-09-16 14:24:59.438522
Model Start: 2024-09-16 15:32:09.139359
Start: 2024-09-16 15:45:59.917186
End: 2024-09-16 15:50:07.739259
Duration: 0:04:07.822073
