Start: 2024-09-16 15:49:23.569134
End: 2024-09-16 15:50:05.603540
Duration: 0:00:42.034406
