Total Start: 2024-09-27 21:19:15.236173
Model Start: 2024-09-27 21:19:15.236176
Start: 2024-09-27 21:23:20.226704
End: 2024-09-27 21:24:33.663450
Duration: 0:01:13.436746
