Start: 2024-09-27 21:24:32.078905
End: 2024-09-27 21:24:32.612899
Duration: 0:00:00.533994
