Start: 2024-09-27 21:23:23.684738
End: 2024-09-27 21:24:31.892346
Duration: 0:01:08.207608
