Total Start: 2024-09-25 14:27:09.423176
Model Start: 2024-09-25 14:27:09.423178
Start: 2024-09-25 14:35:33.171092
End: 2024-09-25 14:36:47.308182
Duration: 0:01:14.137090
