Start: 2024-09-25 14:35:34.774041
End: 2024-09-25 14:36:44.987279
Duration: 0:01:10.213238
