Start: 2024-09-25 14:36:45.222659
End: 2024-09-25 14:36:45.851495
Duration: 0:00:00.628836
