Start: 2024-09-27 17:18:33.524122
End: 2024-09-27 17:18:38.721967
Duration: 0:00:05.197845
