Total Start: 2024-09-27 17:16:39.203388
Model Start: 2024-09-27 17:16:39.203391
Start: 2024-09-27 17:16:44.017369
End: 2024-09-27 17:18:40.222887
Duration: 0:01:56.205518
