Start: 2024-09-27 17:16:46.272644
End: 2024-09-27 17:18:33.388738
Duration: 0:01:47.116094
