Start: 2024-09-17 16:53:05.506227
End: 2024-09-17 16:57:57.630204
Duration: 0:04:52.123977
