Start: 2024-09-17 16:57:57.674159
End: 2024-09-17 16:58:03.413475
Duration: 0:00:05.739316
