Total Start: 2024-09-17 13:19:53.105080
Model Start: 2024-09-17 13:19:53.955682
Start: 2024-09-17 16:53:05.505432
End: 2024-09-17 16:58:03.421302
Duration: 0:04:57.915870
