Total Start: 2024-09-25 15:18:12.115065
Model Start: 2024-09-25 15:18:12.115068
Start: 2024-09-25 15:18:16.139873
End: 2024-09-25 15:19:25.643154
Duration: 0:01:09.503281
