Start: 2024-09-25 15:18:17.016745
End: 2024-09-25 15:19:17.663034
Duration: 0:01:00.646289
