Start: 2024-09-25 15:19:17.766799
End: 2024-09-25 15:19:24.480593
Duration: 0:00:06.713794
