Start: 2024-09-16 15:38:15.021952
End: 2024-09-16 15:41:58.867460
Duration: 0:03:43.845508
