Start: 2024-09-16 15:41:59.119233
End: 2024-09-16 15:42:00.428986
Duration: 0:00:01.309753
