Total Start: 2024-09-16 14:24:59.438522
Model Start: 2024-09-16 15:32:09.139359
Start: 2024-09-16 15:38:13.208932
End: 2024-09-16 15:42:02.095710
Duration: 0:03:48.886778
