Start: 2024-09-16 12:39:12.762733
End: 2024-09-16 12:40:14.950762
Duration: 0:01:02.188029
