Total Start: 2024-09-16 12:27:19.575562
Model Start: 2024-09-16 12:27:19.575564
Start: 2024-09-16 12:39:10.780730
End: 2024-09-16 12:40:17.216883
Duration: 0:01:06.436153
