Start: 2024-09-16 12:40:15.059751
End: 2024-09-16 12:40:15.826137
Duration: 0:00:00.766386
