Start: 2024-09-16 21:43:23.879011
End: 2024-09-16 21:46:31.524893
Duration: 0:03:07.645882
