Total Start: 2024-09-16 20:39:31.187347
Model Start: 2024-09-16 20:39:32.354137
Start: 2024-09-16 21:43:23.087315
End: 2024-09-16 21:46:33.980808
Duration: 0:03:10.893493
