Start: 2024-09-16 21:46:31.741946
End: 2024-09-16 21:46:32.627160
Duration: 0:00:00.885214
