Start: 2024-10-01 02:27:22.900755
End: 2024-10-01 02:27:27.307032
Duration: 0:00:04.406277
