Total Start: 2024-10-01 01:06:13.514252
Model Start: 2024-10-01 01:44:17.934168
Start: 2024-10-01 02:24:05.276824
End: 2024-10-01 02:27:31.798792
Duration: 0:03:26.521968
