Start: 2024-10-01 02:24:07.423303
End: 2024-10-01 02:27:22.599103
Duration: 0:03:15.175800
