Start: 2024-09-16 13:24:50.926779
End: 2024-09-16 13:28:00.378376
Duration: 0:03:09.451597
