Total Start: 2024-09-16 13:03:38.274023
Model Start: 2024-09-16 13:03:38.274026
Start: 2024-09-16 13:24:48.222545
End: 2024-09-16 13:28:03.964815
Duration: 0:03:15.742270
