Start: 2024-09-16 13:28:00.501995
End: 2024-09-16 13:28:01.357686
Duration: 0:00:00.855691
