Total Start: 2024-09-25 15:25:53.356327
Model Start: 2024-09-25 15:25:53.356330
Start: 2024-09-25 15:39:52.408275
End: 2024-09-25 15:41:12.881241
Duration: 0:01:20.472966
