Start: 2024-09-25 15:39:54.862832
End: 2024-09-25 15:41:10.297308
Duration: 0:01:15.434476
