Start: 2024-09-25 15:41:10.427349
End: 2024-09-25 15:41:11.286487
Duration: 0:00:00.859138
