Total Start: 2024-09-28 04:13:17.832768
Model Start: 2024-09-28 04:13:17.832771
Start: 2024-09-28 04:43:02.959277
End: 2024-09-28 04:44:17.814120
Duration: 0:01:14.854843
