Start: 2024-09-28 04:43:07.694250
End: 2024-09-28 04:44:15.275552
Duration: 0:01:07.581302
