Start: 2024-09-28 04:44:15.378874
End: 2024-09-28 04:44:16.321009
Duration: 0:00:00.942135
