Start: 2024-09-16 13:01:58.553187
End: 2024-09-16 13:03:01.118874
Duration: 0:01:02.565687
