Start: 2024-09-16 13:03:01.241567
End: 2024-09-16 13:03:02.395701
Duration: 0:00:01.154134
