Total Start: 2024-09-16 12:27:19.575562
Model Start: 2024-09-16 12:27:19.575564
Start: 2024-09-16 13:01:57.728450
End: 2024-09-16 13:03:04.563710
Duration: 0:01:06.835260
