Start: 2024-09-28 00:53:44.429738
End: 2024-09-28 00:53:44.951487
Duration: 0:00:00.521749
