Total Start: 2024-09-28 00:48:21.204854
Model Start: 2024-09-28 00:48:21.204858
Start: 2024-09-28 00:52:32.129413
End: 2024-09-28 00:53:46.040005
Duration: 0:01:13.910592
