Start: 2024-09-28 00:52:33.852718
End: 2024-09-28 00:53:44.315526
Duration: 0:01:10.462808
