Start: 2024-09-17 16:52:57.539171
End: 2024-09-17 16:53:03.446066
Duration: 0:00:05.906895
