Total Start: 2024-09-17 13:19:53.105080
Model Start: 2024-09-17 13:19:53.955682
Start: 2024-09-17 16:49:16.151465
End: 2024-09-17 16:53:03.452352
Duration: 0:03:47.300887
