Start: 2024-09-17 16:49:16.151998
End: 2024-09-17 16:52:57.518054
Duration: 0:03:41.366056
