Start: 2024-09-16 15:50:12.349329
End: 2024-09-16 15:53:26.246155
Duration: 0:03:13.896826
