Start: 2024-09-16 15:53:26.461417
End: 2024-09-16 15:53:27.938147
Duration: 0:00:01.476730
