Total Start: 2024-09-16 14:24:59.438522
Model Start: 2024-09-16 15:32:09.139359
Start: 2024-09-16 15:50:09.945215
End: 2024-09-16 15:53:30.016855
Duration: 0:03:20.071640
