Total Start: 2024-10-01 01:06:13.514252
Model Start: 2024-10-01 01:06:15.196214
Start: 2024-10-01 01:28:20.330959
End: 2024-10-01 01:30:51.902841
Duration: 0:02:31.571882
