Start: 2024-10-01 01:28:23.275482
End: 2024-10-01 01:30:43.615825
Duration: 0:02:20.340343
