Start: 2024-10-01 01:30:45.131423
End: 2024-10-01 01:30:48.805907
Duration: 0:00:03.674484
