Start: 2024-09-27 17:03:36.750418
End: 2024-09-27 17:04:45.983460
Duration: 0:01:09.233042
