Total Start: 2024-09-27 17:00:36.524262
Model Start: 2024-09-27 17:00:36.524266
Start: 2024-09-27 17:03:33.230778
End: 2024-09-27 17:04:47.765777
Duration: 0:01:14.534999
