Start: 2024-09-27 17:04:46.174799
End: 2024-09-27 17:04:46.690089
Duration: 0:00:00.515290
