Start: 2024-09-25 09:01:24.059949
End: 2024-09-25 09:02:41.544853
Duration: 0:01:17.484904
