Start: 2024-09-25 09:02:41.648368
End: 2024-09-25 09:02:42.369142
Duration: 0:00:00.720774
