Total Start: 2024-09-25 08:44:00.597600
Model Start: 2024-09-25 08:44:00.597603
Start: 2024-09-25 09:01:21.520747
End: 2024-09-25 09:02:43.642241
Duration: 0:01:22.121494
