Start: 2024-09-25 09:20:51.820153
End: 2024-09-25 09:22:43.282335
Duration: 0:01:51.462182
