Start: 2024-09-25 09:22:43.401443
End: 2024-09-25 09:22:44.471157
Duration: 0:00:01.069714
