Total Start: 2024-09-25 08:44:00.597600
Model Start: 2024-09-25 08:44:00.597603
Start: 2024-09-25 09:20:47.511603
End: 2024-09-25 09:22:46.377403
Duration: 0:01:58.865800
