Start: 2024-09-22 16:37:12.834724
End: 2024-09-22 16:37:13.359311
Duration: 0:00:00.524587
