Total Start: 2024-09-22 16:33:54.458186
Model Start: 2024-09-22 16:33:54.458189
Start: 2024-09-22 16:35:27.137590
End: 2024-09-22 16:37:14.826251
Duration: 0:01:47.688661
