Start: 2024-09-22 16:35:29.229705
End: 2024-09-22 16:37:12.717824
Duration: 0:01:43.488119
