Total Start: 2024-09-27 21:19:15.236173
Model Start: 2024-09-27 21:19:15.236176
Start: 2024-09-27 21:27:05.462139
End: 2024-09-27 21:28:19.087494
Duration: 0:01:13.625355
