Start: 2024-09-27 21:28:17.194822
End: 2024-09-27 21:28:17.797150
Duration: 0:00:00.602328
