Start: 2024-09-27 21:27:07.823215
End: 2024-09-27 21:28:17.098600
Duration: 0:01:09.275385
