Start: 2024-09-17 16:43:40.193125
End: 2024-09-17 16:43:45.976577
Duration: 0:00:05.783452
