Start: 2024-09-17 16:38:25.331826
End: 2024-09-17 16:43:40.171785
Duration: 0:05:14.839959
