Total Start: 2024-09-17 13:19:53.105080
Model Start: 2024-09-17 13:19:53.955682
Start: 2024-09-17 16:38:25.331067
End: 2024-09-17 16:43:45.986171
Duration: 0:05:20.655104
