Start: 2024-09-28 00:05:34.189772
End: 2024-09-28 00:06:46.860754
Duration: 0:01:12.670982
