Start: 2024-09-28 00:06:46.961831
End: 2024-09-28 00:06:47.523089
Duration: 0:00:00.561258
