Total Start: 2024-09-28 00:00:43.443002
Model Start: 2024-09-28 00:00:43.443006
Start: 2024-09-28 00:05:30.501099
End: 2024-09-28 00:06:48.673512
Duration: 0:01:18.172413
