Start: 2024-10-01 11:07:23.646355
End: 2024-10-01 11:07:30.450066
Duration: 0:00:06.803711
