Total Start: 2024-10-01 10:50:07.582259
Model Start: 2024-10-01 10:50:10.817060
Start: 2024-10-01 11:00:52.801352
End: 2024-10-01 11:07:30.457998
Duration: 0:06:37.656646
