Start: 2024-10-01 11:00:52.802281
End: 2024-10-01 11:07:21.625742
Duration: 0:06:28.823461
