Start: 2024-09-24 18:25:20.791876
End: 2024-09-24 18:25:21.529681
Duration: 0:00:00.737805
