Start: 2024-09-24 18:24:20.232377
End: 2024-09-24 18:25:20.538691
Duration: 0:01:00.306314
