Total Start: 2024-09-24 18:14:29.729863
Model Start: 2024-09-24 18:14:29.729869
Start: 2024-09-24 18:24:18.428923
End: 2024-09-24 18:25:22.780742
Duration: 0:01:04.351819
