Start: 2024-09-16 13:44:56.783205
End: 2024-09-16 13:46:28.676627
Duration: 0:01:31.893422
