Start: 2024-09-16 13:46:28.791999
End: 2024-09-16 13:46:29.825218
Duration: 0:00:01.033219
