Total Start: 2024-09-16 13:03:38.274023
Model Start: 2024-09-16 13:03:38.274026
Start: 2024-09-16 13:44:55.667088
End: 2024-09-16 13:46:31.474035
Duration: 0:01:35.806947
