Start: 2024-09-16 13:54:04.262661
End: 2024-09-16 13:54:05.445111
Duration: 0:00:01.182450
