Start: 2024-09-16 13:51:52.040683
End: 2024-09-16 13:54:04.115003
Duration: 0:02:12.074320
