Total Start: 2024-09-16 13:03:38.274023
Model Start: 2024-09-16 13:03:38.274026
Start: 2024-09-16 13:51:50.612111
End: 2024-09-16 13:54:07.551485
Duration: 0:02:16.939374
