Start: 2024-09-25 15:12:51.028992
End: 2024-09-25 15:12:59.912981
Duration: 0:00:08.883989
