Total Start: 2024-09-25 15:08:36.185709
Model Start: 2024-09-25 15:08:36.185711
Start: 2024-09-25 15:11:25.216418
End: 2024-09-25 15:13:01.533026
Duration: 0:01:36.316608
