Start: 2024-09-25 15:11:28.313189
End: 2024-09-25 15:12:50.905355
Duration: 0:01:22.592166
