Start: 2024-09-24 18:14:35.250502
End: 2024-09-24 18:15:23.724156
Duration: 0:00:48.473654
