Total Start: 2024-09-24 18:14:29.729863
Model Start: 2024-09-24 18:14:29.729869
Start: 2024-09-24 18:14:33.602886
End: 2024-09-24 18:15:30.199075
Duration: 0:00:56.596189
