Start: 2024-09-24 18:15:23.836526
End: 2024-09-24 18:15:28.848376
Duration: 0:00:05.011850
