Start: 2024-09-30 18:26:08.313938
End: 2024-09-30 18:29:05.843211
Duration: 0:02:57.529273
