Start: 2024-09-30 18:29:10.081011
End: 2024-09-30 18:29:13.472927
Duration: 0:00:03.391916
