Total Start: 2024-09-25 08:44:00.597600
Model Start: 2024-09-25 08:44:00.597603
Start: 2024-09-25 09:19:30.794746
End: 2024-09-25 09:20:45.486133
Duration: 0:01:14.691387
