Start: 2024-09-25 09:20:42.550767
End: 2024-09-25 09:20:43.593516
Duration: 0:00:01.042749
