Start: 2024-09-25 09:19:33.033827
End: 2024-09-25 09:20:42.450621
Duration: 0:01:09.416794
