Total Start: 2024-09-16 13:03:38.274023
Model Start: 2024-09-16 13:03:38.274026
Start: 2024-09-16 13:15:01.746494
End: 2024-09-16 13:17:18.531994
Duration: 0:02:16.785500
