Start: 2024-09-16 13:15:02.968808
End: 2024-09-16 13:17:15.871508
Duration: 0:02:12.902700
