Start: 2024-09-16 13:17:15.994013
End: 2024-09-16 13:17:16.671596
Duration: 0:00:00.677583
