Total Start: 2024-10-01 10:50:07.582259
Model Start: 2024-10-01 10:50:10.817060
Start: 2024-10-01 10:55:46.708492
End: 2024-10-01 11:00:52.794116
Duration: 0:05:06.085624
