Start: 2024-10-01 10:55:46.709601
End: 2024-10-01 11:00:46.730714
Duration: 0:05:00.021113
