Start: 2024-10-01 11:00:46.751553
End: 2024-10-01 11:00:52.787297
Duration: 0:00:06.035744
