Total Start: 2024-09-30 19:19:45.230615
Model Start: 2024-09-30 19:19:46.030373
Start: 2024-09-30 19:23:07.433123
End: 2024-09-30 19:25:56.975595
Duration: 0:02:49.542472
