Start: 2024-09-30 19:23:11.917301
End: 2024-09-30 19:25:46.586818
Duration: 0:02:34.669517
