Start: 2024-09-30 19:25:51.753752
End: 2024-09-30 19:25:55.088080
Duration: 0:00:03.334328
