Start: 2024-09-16 21:46:37.996601
End: 2024-09-16 21:52:07.730981
Duration: 0:05:29.734380
