Start: 2024-09-16 21:52:07.932925
End: 2024-09-16 21:52:08.862204
Duration: 0:00:00.929279
