Total Start: 2024-09-16 20:39:31.187347
Model Start: 2024-09-16 20:39:32.354137
Start: 2024-09-16 21:46:36.156800
End: 2024-09-16 21:52:10.235769
Duration: 0:05:34.078969
