Start: 2024-09-16 20:59:12.815553
End: 2024-09-16 21:02:22.201892
Duration: 0:03:09.386339
