Total Start: 2024-09-16 20:39:31.187347
Model Start: 2024-09-16 20:39:32.354137
Start: 2024-09-16 20:59:11.126004
End: 2024-09-16 21:02:24.225941
Duration: 0:03:13.099937
