Start: 2024-09-16 21:02:22.405009
End: 2024-09-16 21:02:23.059187
Duration: 0:00:00.654178
