Total Start: 2024-09-30 17:22:02.710994
Model Start: 2024-09-30 17:22:02.710999
Start: 2024-09-30 17:42:05.827784
End: 2024-09-30 17:46:40.423403
Duration: 0:04:34.595619
