Start: 2024-09-30 17:46:37.577803
End: 2024-09-30 17:46:38.715528
Duration: 0:00:01.137725
