Start: 2024-09-30 17:42:14.275459
End: 2024-09-30 17:46:36.855190
Duration: 0:04:22.579731
