Start: 2024-09-30 19:58:23.564217
End: 2024-09-30 20:01:53.614277
Duration: 0:03:30.050060
