Total Start: 2024-09-30 19:19:45.230615
Model Start: 2024-09-30 19:25:56.993873
Start: 2024-09-30 19:58:15.401454
End: 2024-09-30 20:01:57.904091
Duration: 0:03:42.502637
