Start: 2024-09-30 20:01:54.091055
End: 2024-09-30 20:01:55.646002
Duration: 0:00:01.554947
