Total Start: 2024-09-17 13:19:53.105080
Model Start: 2024-09-17 13:19:53.955682
Start: 2024-09-17 16:15:23.774770
End: 2024-09-17 16:19:37.304781
Duration: 0:04:13.530011
