Start: 2024-09-17 16:15:23.775565
End: 2024-09-17 16:19:28.867755
Duration: 0:04:05.092190
