Start: 2024-09-17 16:19:28.897012
End: 2024-09-17 16:19:37.301503
Duration: 0:00:08.404491
