Start: 2024-09-16 12:21:40.204879
End: 2024-09-16 12:23:39.472328
Duration: 0:01:59.267449
