Start: 2024-09-16 12:23:39.847964
End: 2024-09-16 12:23:41.650640
Duration: 0:00:01.802676
