Total Start: 2024-09-16 11:24:19.487206
Model Start: 2024-09-16 11:24:19.487209
Start: 2024-09-16 12:21:35.649029
End: 2024-09-16 12:23:45.692185
Duration: 0:02:10.043156
