Total Start: 2024-09-17 13:19:53.105080
Model Start: 2024-09-17 13:19:53.955682
Start: 2024-09-17 18:45:49.144426
End: 2024-09-17 18:50:18.852319
Duration: 0:04:29.707893
