Start: 2024-09-17 18:50:13.334959
End: 2024-09-17 18:50:18.832827
Duration: 0:00:05.497868
