Start: 2024-09-17 18:45:49.145155
End: 2024-09-17 18:50:13.309617
Duration: 0:04:24.164462
