Total Start: 2024-09-17 11:36:44.841026
Model Start: 2024-09-17 11:36:45.713764
Start: 2024-09-17 12:03:27.838265
End: 2024-09-17 12:08:54.984581
Duration: 0:05:27.146316
