Start: 2024-09-17 12:03:27.839132
End: 2024-09-17 12:08:44.997252
Duration: 0:05:17.158120
