Start: 2024-09-17 12:08:49.020262
End: 2024-09-17 12:08:54.973285
Duration: 0:00:05.953023
