Start: 2024-09-24 19:50:35.147214
End: 2024-09-24 19:50:35.862597
Duration: 0:00:00.715383
