Start: 2024-09-24 19:49:41.726327
End: 2024-09-24 19:50:35.038067
Duration: 0:00:53.311740
