Total Start: 2024-09-24 19:38:47.551090
Model Start: 2024-09-24 19:38:47.551094
Start: 2024-09-24 19:49:40.043219
End: 2024-09-24 19:50:37.454588
Duration: 0:00:57.411369
