Start: 2024-09-25 21:57:21.083585
End: 2024-09-25 21:57:29.483215
Duration: 0:00:08.399630
