Start: 2024-09-25 21:56:20.078747
End: 2024-09-25 21:57:20.962637
Duration: 0:01:00.883890
