Total Start: 2024-09-25 21:56:13.533277
Model Start: 2024-09-25 21:56:13.533281
Start: 2024-09-25 21:56:17.086803
End: 2024-09-25 21:57:30.857828
Duration: 0:01:13.771025
