Start: 2024-09-28 04:46:45.081678
End: 2024-09-28 04:46:46.065313
Duration: 0:00:00.983635
