Start: 2024-09-28 04:45:37.007252
End: 2024-09-28 04:46:44.984290
Duration: 0:01:07.977038
