Total Start: 2024-09-28 04:13:17.832768
Model Start: 2024-09-28 04:13:17.832771
Start: 2024-09-28 04:45:35.071673
End: 2024-09-28 04:46:47.606105
Duration: 0:01:12.534432
