Start: 2024-10-01 02:42:14.722619
End: 2024-10-01 02:42:19.082601
Duration: 0:00:04.359982
