Start: 2024-10-01 02:39:37.162824
End: 2024-10-01 02:42:13.947178
Duration: 0:02:36.784354
