Total Start: 2024-09-25 08:44:00.597600
Model Start: 2024-09-25 08:44:00.597603
Start: 2024-09-25 09:34:57.336411
End: 2024-09-25 09:36:22.923622
Duration: 0:01:25.587211
