Start: 2024-09-25 09:35:00.897538
End: 2024-09-25 09:36:19.784644
Duration: 0:01:18.887106
