Start: 2024-09-25 09:36:19.885738
End: 2024-09-25 09:36:21.149411
Duration: 0:00:01.263673
