Start: 2024-09-30 18:48:44.005371
End: 2024-09-30 18:48:48.797152
Duration: 0:00:04.791781
