Start: 2024-09-30 18:45:59.015525
End: 2024-09-30 18:48:39.742676
Duration: 0:02:40.727151
