Total Start: 2024-09-30 17:22:02.710994
Model Start: 2024-09-30 18:22:05.212762
Start: 2024-09-30 18:45:51.909657
End: 2024-09-30 18:48:52.943323
Duration: 0:03:01.033666
