Start: 2024-09-25 04:18:39.217856
End: 2024-09-25 04:19:32.933196
Duration: 0:00:53.715340
