Total Start: 2024-09-25 04:11:48.613439
Model Start: 2024-09-25 04:11:48.613442
Start: 2024-09-25 04:18:37.576195
End: 2024-09-25 04:19:35.119890
Duration: 0:00:57.543695
