Start: 2024-09-25 04:19:33.031700
End: 2024-09-25 04:19:33.637635
Duration: 0:00:00.605935
