Start: 2024-09-17 12:56:20.831629
End: 2024-09-17 13:01:24.107103
Duration: 0:05:03.275474
