Total Start: 2024-09-17 12:21:52.722767
Model Start: 2024-09-17 12:21:54.358331
Start: 2024-09-17 12:56:20.830797
End: 2024-09-17 13:01:31.966880
Duration: 0:05:11.136083
