Start: 2024-09-17 13:01:26.131900
End: 2024-09-17 13:01:31.962612
Duration: 0:00:05.830712
