Start: 2024-10-01 01:36:45.778979
End: 2024-10-01 01:36:50.099657
Duration: 0:00:04.320678
