Total Start: 2024-10-01 01:06:13.514252
Model Start: 2024-10-01 01:06:15.196214
Start: 2024-10-01 01:33:23.046964
End: 2024-10-01 01:36:53.871918
Duration: 0:03:30.824954
