Start: 2024-10-01 01:33:25.668373
End: 2024-10-01 01:36:44.634662
Duration: 0:03:18.966289
