Start: 2024-09-17 12:03:20.079468
End: 2024-09-17 12:03:25.839400
Duration: 0:00:05.759932
