Total Start: 2024-09-17 11:36:44.841026
Model Start: 2024-09-17 11:36:45.713764
Start: 2024-09-17 11:58:16.861423
End: 2024-09-17 12:03:25.846327
Duration: 0:05:08.984904
