Start: 2024-09-17 11:58:16.862200
End: 2024-09-17 12:03:20.000971
Duration: 0:05:03.138771
