Start: 2024-09-16 23:08:22.462239
End: 2024-09-16 23:08:53.038272
Duration: 0:00:30.576033
