Total Start: 2024-09-16 20:39:31.187347
Model Start: 2024-09-16 20:39:32.354137
Start: 2024-09-16 22:59:12.131572
End: 2024-09-16 23:08:55.598288
Duration: 0:09:43.466716
