Start: 2024-09-16 22:59:13.343002
End: 2024-09-16 23:08:22.268607
Duration: 0:09:08.925605
