Start: 2024-09-17 15:27:38.831234
End: 2024-09-17 15:27:45.417387
Duration: 0:00:06.586153
