Total Start: 2024-09-17 13:19:53.105080
Model Start: 2024-09-17 13:19:53.955682
Start: 2024-09-17 15:22:54.522680
End: 2024-09-17 15:27:45.435064
Duration: 0:04:50.912384
