Start: 2024-09-17 15:22:54.523663
End: 2024-09-17 15:27:38.818387
Duration: 0:04:44.294724
