Start: 2024-09-25 19:22:06.446487
End: 2024-09-25 19:23:24.703653
Duration: 0:01:18.257166
