Start: 2024-09-25 19:23:24.816405
End: 2024-09-25 19:23:25.418497
Duration: 0:00:00.602092
