Total Start: 2024-09-25 19:15:11.008655
Model Start: 2024-09-25 19:15:11.008660
Start: 2024-09-25 19:22:05.304572
End: 2024-09-25 19:23:26.601254
Duration: 0:01:21.296682
