Start: 2024-09-25 19:17:52.163343
End: 2024-09-25 19:19:04.373315
Duration: 0:01:12.209972
