Total Start: 2024-09-25 19:15:11.008655
Model Start: 2024-09-25 19:15:11.008660
Start: 2024-09-25 19:17:51.296265
End: 2024-09-25 19:19:12.820184
Duration: 0:01:21.523919
