Start: 2024-09-25 19:19:04.493467
End: 2024-09-25 19:19:11.500899
Duration: 0:00:07.007432
