Start: 2024-09-16 14:42:27.805936
End: 2024-09-16 14:42:28.485445
Duration: 0:00:00.679509
