Start: 2024-09-16 14:40:34.386805
End: 2024-09-16 14:42:27.686285
Duration: 0:01:53.299480
