Total Start: 2024-09-16 14:24:59.438522
Model Start: 2024-09-16 14:24:59.438525
Start: 2024-09-16 14:40:33.442954
End: 2024-09-16 14:42:30.342129
Duration: 0:01:56.899175
