Total Start: 2024-09-30 17:22:02.710994
Model Start: 2024-09-30 17:22:02.710999
Start: 2024-09-30 17:22:03.488660
End: 2024-09-30 17:26:16.944626
Duration: 0:04:13.455966
