Start: 2024-09-30 17:22:06.295816
End: 2024-09-30 17:26:05.182690
Duration: 0:03:58.886874
