Start: 2024-09-30 17:26:05.805211
End: 2024-09-30 17:26:15.611444
Duration: 0:00:09.806233
