Start: 2024-09-25 19:16:10.784241
End: 2024-09-25 19:16:15.910461
Duration: 0:00:05.126220
