Total Start: 2024-09-25 19:15:11.008655
Model Start: 2024-09-25 19:15:11.008660
Start: 2024-09-25 19:15:15.422924
End: 2024-09-25 19:16:17.087192
Duration: 0:01:01.664268
