Start: 2024-09-25 19:15:16.142504
End: 2024-09-25 19:16:10.664932
Duration: 0:00:54.522428
