Total Start: 2024-09-16 14:24:59.438522
Model Start: 2024-09-16 14:24:59.438525
Start: 2024-09-16 14:42:32.378845
End: 2024-09-16 14:45:52.994630
Duration: 0:03:20.615785
