Start: 2024-09-16 14:45:50.355237
End: 2024-09-16 14:45:51.077530
Duration: 0:00:00.722293
