Start: 2024-09-16 14:42:33.750132
End: 2024-09-16 14:45:50.242567
Duration: 0:03:16.492435
