Start: 2024-09-25 12:01:28.339634
End: 2024-09-25 12:01:28.972641
Duration: 0:00:00.633007
