Total Start: 2024-09-25 11:49:29.344034
Model Start: 2024-09-25 11:49:29.344037
Start: 2024-09-25 11:59:29.923119
End: 2024-09-25 12:01:30.447452
Duration: 0:02:00.524333
