Start: 2024-09-25 11:59:31.433399
End: 2024-09-25 12:01:28.237951
Duration: 0:01:56.804552
