Start: 2024-09-27 17:40:31.485256
End: 2024-09-27 17:41:38.763487
Duration: 0:01:07.278231
