Start: 2024-09-27 17:41:39.039722
End: 2024-09-27 17:41:39.687420
Duration: 0:00:00.647698
