Total Start: 2024-09-27 17:31:40.691707
Model Start: 2024-09-27 17:31:40.691711
Start: 2024-09-27 17:40:28.165801
End: 2024-09-27 17:41:41.259481
Duration: 0:01:13.093680
