Start: 2024-09-16 17:45:45.714292
End: 2024-09-16 17:52:39.806000
Duration: 0:06:54.091708
