Start: 2024-09-16 17:52:40.005403
End: 2024-09-16 17:52:41.196376
Duration: 0:00:01.190973
