Total Start: 2024-09-16 16:34:43.241323
Model Start: 2024-09-16 16:34:44.101856
Start: 2024-09-16 17:45:44.435681
End: 2024-09-16 17:52:42.950175
Duration: 0:06:58.514494
