Start: 2024-09-16 16:09:14.117223
End: 2024-09-16 16:12:55.950429
Duration: 0:03:41.833206
