Start: 2024-09-16 16:12:56.196353
End: 2024-09-16 16:12:57.649996
Duration: 0:00:01.453643
