Total Start: 2024-09-16 14:24:59.438522
Model Start: 2024-09-16 15:32:09.139359
Start: 2024-09-16 16:09:11.380672
End: 2024-09-16 16:12:59.518433
Duration: 0:03:48.137761
