Start: 2024-09-28 00:00:49.426453
End: 2024-09-28 00:02:12.567529
Duration: 0:01:23.141076
