Total Start: 2024-09-28 00:00:43.443002
Model Start: 2024-09-28 00:00:43.443006
Start: 2024-09-28 00:00:47.913344
End: 2024-09-28 00:02:18.262433
Duration: 0:01:30.349089
