Start: 2024-09-28 00:02:12.683099
End: 2024-09-28 00:02:16.992197
Duration: 0:00:04.309098
