Total Start: 2024-09-16 12:27:19.575562
Model Start: 2024-09-16 12:27:19.575564
Start: 2024-09-16 12:43:56.927812
End: 2024-09-16 12:45:29.590185
Duration: 0:01:32.662373
