Start: 2024-09-16 12:45:26.911729
End: 2024-09-16 12:45:27.787937
Duration: 0:00:00.876208
