Start: 2024-09-16 12:43:58.291021
End: 2024-09-16 12:45:26.779137
Duration: 0:01:28.488116
