Start: 2024-09-25 21:59:15.131061
End: 2024-09-25 21:59:15.641531
Duration: 0:00:00.510470
