Total Start: 2024-09-25 21:56:13.533277
Model Start: 2024-09-25 21:56:13.533281
Start: 2024-09-25 21:57:33.180474
End: 2024-09-25 21:59:16.653146
Duration: 0:01:43.472672
