Start: 2024-09-25 21:57:34.819136
End: 2024-09-25 21:59:15.020183
Duration: 0:01:40.201047
