Start: 2024-09-28 15:26:03.941227
End: 2024-09-28 15:26:04.532904
Duration: 0:00:00.591677
