Total Start: 2024-09-28 15:21:13.023243
Model Start: 2024-09-28 15:21:13.023246
Start: 2024-09-28 15:24:50.530859
End: 2024-09-28 15:26:05.768966
Duration: 0:01:15.238107
