Start: 2024-09-28 15:24:52.328208
End: 2024-09-28 15:26:03.829628
Duration: 0:01:11.501420
