Start: 2024-09-16 12:14:16.841697
End: 2024-09-16 12:16:36.301676
Duration: 0:02:19.459979
