Total Start: 2024-09-16 11:24:19.487206
Model Start: 2024-09-16 11:24:19.487209
Start: 2024-09-16 12:14:13.785787
End: 2024-09-16 12:16:40.824057
Duration: 0:02:27.038270
