Start: 2024-09-16 12:16:36.415205
End: 2024-09-16 12:16:37.871596
Duration: 0:00:01.456391
