Total Start: 2024-09-22 01:33:19.808510
Model Start: 2024-09-22 01:33:19.808513
Start: 2024-09-22 01:33:23.313109
End: 2024-09-22 01:34:43.900342
Duration: 0:01:20.587233
