Start: 2024-09-22 01:33:24.769707
End: 2024-09-22 01:34:38.359551
Duration: 0:01:13.589844
