Start: 2024-09-22 01:34:38.468041
End: 2024-09-22 01:34:42.731997
Duration: 0:00:04.263956
