Start: 2024-10-01 02:32:29.617030
End: 2024-10-01 02:36:37.820687
Duration: 0:04:08.203657
