Start: 2024-10-01 02:36:38.109559
End: 2024-10-01 02:36:42.386030
Duration: 0:00:04.276471
