Total Start: 2024-10-01 01:06:13.514252
Model Start: 2024-10-01 01:44:17.934168
Start: 2024-10-01 02:32:25.882209
End: 2024-10-01 02:36:47.477284
Duration: 0:04:21.595075
