Start: 2024-09-16 17:04:35.438324
End: 2024-09-16 17:10:33.648204
Duration: 0:05:58.209880
