Start: 2024-09-16 17:10:33.845917
End: 2024-09-16 17:10:34.752373
Duration: 0:00:00.906456
