Total Start: 2024-09-16 16:34:43.241323
Model Start: 2024-09-16 16:34:44.101856
Start: 2024-09-16 17:04:34.325775
End: 2024-09-16 17:10:36.847040
Duration: 0:06:02.521265
